Points = [[0, 0, 0, 0, 0, 0, 0, 0, 0, 0],
[0, 0, 0, 0, 1, 0, 0, 0, 0, 1],
[0, 0, 0, 0, 1, 0, 0, 0, 1, 0],
[0, 0, 0, 0, 1, 0, 0, 1, 0, 0],
[0, 0, 0, 0, 1, 0, 1, 0, 0, 0],
[0, 0, 0, 0, 1, 1, 0, 0, 0, 0],
[0, 0, 0, 1, 0, 0, 0, 0, 0, 1],
[0, 0, 0, 1, 0, 0, 0, 0, 1, 0],
[0, 0, 0, 1, 0, 0, 0, 1, 0, 0],
[0, 0, 0, 1, 0, 1, 0, 0, 0, 0],
[0, 0, 0, 1, 1, 0, 0, 0, 1, 0],
[0, 0, 0, 1, 1, 0, 0, 1, 0, 1],
[0, 0, 0, 1, 1, 0, 1, 0, 0, 1],
[0, 0, 0, 1, 1, 0, 1, 1, 0, 0],
[0, 0, 0, 1, 1, 1, 0, 0, 0, 1],
[0, 0, 0, 1, 1, 1, 1, 0, 0, 0],
[0, 0, 1, 0, 0, 0, 0, 0, 0, 1],
[0, 0, 1, 0, 0, 0, 0, 0, 1, 0],
[0, 0, 1, 0, 0, 0, 0, 1, 0, 0],
[0, 0, 1, 0, 0, 1, 0, 0, 0, 0],
[0, 0, 1, 0, 1, 0, 0, 0, 1, 0],
[0, 0, 1, 0, 1, 0, 0, 1, 0, 0],
[0, 0, 1, 0, 1, 0, 1, 0, 0, 1],
[0, 0, 1, 0, 1, 1, 0, 0, 0, 0],
[0, 0, 1, 1, 0, 0, 0, 0, 0, 1],
[0, 0, 1, 1, 0, 0, 0, 1, 1, 0],
[0, 0, 1, 1, 0, 1, 0, 0, 1, 0],
[0, 0, 1, 1, 0, 1, 0, 1, 0, 0],
[0, 0, 1, 1, 1, 0, 0, 0, 1, 1],
[0, 0, 1, 1, 1, 0, 1, 0, 0, 1],
[0, 0, 1, 1, 1, 0, 1, 1, 1, 0],
[0, 0, 1, 1, 1, 1, 0, 0, 1, 0],
[0, 0, 1, 1, 1, 1, 0, 1, 0, 1],
[0, 0, 1, 1, 1, 1, 1, 1, 0, 0],
[0, 1, 0, 0, 0, 0, 0, 0, 0, 1],
[0, 1, 0, 0, 0, 0, 0, 0, 1, 0],
[0, 1, 0, 0, 0, 0, 0, 1, 0, 0],
[0, 1, 0, 0, 0, 0, 1, 0, 0, 0],
[0, 1, 0, 0, 0, 1, 0, 0, 0, 0],
[0, 1, 0, 0, 1, 0, 0, 0, 1, 0],
[0, 1, 0, 0, 1, 0, 0, 1, 0, 0],
[0, 1, 0, 0, 1, 0, 1, 0, 0, 1],
[0, 1, 0, 0, 1, 1, 0, 0, 0, 0],
[0, 1, 0, 1, 0, 0, 0, 0, 0, 1],
[0, 1, 0, 1, 0, 0, 0, 0, 1, 0],
[0, 1, 0, 1, 0, 0, 1, 1, 0, 0],
[0, 1, 0, 1, 0, 1, 0, 1, 0, 0],
[0, 1, 0, 1, 0, 1, 1, 0, 0, 0],
[0, 1, 0, 1, 1, 0, 0, 0, 1, 1],
[0, 1, 0, 1, 1, 0, 1, 0, 0, 1],
[0, 1, 0, 1, 1, 0, 1, 1, 1, 0],
[0, 1, 0, 1, 1, 1, 0, 0, 1, 0],
[0, 1, 0, 1, 1, 1, 0, 1, 0, 1],
[0, 1, 0, 1, 1, 1, 1, 1, 0, 0],
[0, 1, 1, 0, 0, 0, 0, 0, 1, 0],
[0, 1, 1, 0, 0, 0, 1, 0, 0, 1],
[0, 1, 1, 0, 0, 0, 1, 1, 0, 0],
[0, 1, 1, 0, 0, 1, 1, 0, 0, 0],
[0, 1, 1, 0, 1, 0, 0, 0, 1, 0],
[0, 1, 1, 0, 1, 0, 1, 1, 0, 0],
[0, 1, 1, 0, 1, 1, 1, 0, 0, 0],
[0, 1, 1, 1, 0, 0, 0, 0, 1, 1],
[0, 1, 1, 1, 0, 0, 1, 0, 0, 1],
[0, 1, 1, 1, 0, 0, 1, 1, 1, 0],
[0, 1, 1, 1, 0, 1, 0, 0, 1, 0],
[0, 1, 1, 1, 0, 1, 1, 1, 0, 0],
[0, 1, 1, 1, 1, 0, 1, 1, 1, 1],
[0, 1, 1, 1, 1, 1, 0, 0, 1, 1],
[0, 1, 1, 1, 1, 1, 1, 1, 0, 1],
[1, 0, 0, 0, 0, 0, 0, 0, 0, 1],
[1, 0, 0, 0, 0, 0, 0, 0, 1, 0],
[1, 0, 0, 0, 0, 0, 0, 1, 0, 0],
[1, 0, 0, 0, 0, 1, 0, 0, 0, 0],
[1, 0, 0, 0, 1, 0, 0, 0, 1, 0],
[1, 0, 0, 0, 1, 0, 0, 1, 0, 0],
[1, 0, 0, 0, 1, 0, 1, 0, 0, 1],
[1, 0, 0, 0, 1, 1, 0, 0, 0, 0],
[1, 0, 0, 1, 0, 0, 0, 0, 0, 1],
[1, 0, 0, 1, 0, 0, 0, 1, 1, 0],
[1, 0, 0, 1, 0, 1, 0, 0, 1, 0],
[1, 0, 0, 1, 0, 1, 0, 1, 0, 0],
[1, 0, 0, 1, 1, 0, 0, 0, 1, 1],
[1, 0, 0, 1, 1, 0, 1, 0, 0, 1],
[1, 0, 0, 1, 1, 0, 1, 1, 1, 0],
[1, 0, 0, 1, 1, 1, 0, 0, 1, 0],
[1, 0, 0, 1, 1, 1, 0, 1, 0, 1],
[1, 0, 0, 1, 1, 1, 1, 1, 0, 0],
[1, 0, 1, 0, 0, 0, 0, 0, 1, 1],
[1, 0, 1, 0, 0, 0, 0, 1, 0, 1],
[1, 0, 1, 0, 0, 0, 0, 1, 1, 0],
[1, 0, 1, 0, 0, 1, 0, 0, 0, 1],
[1, 0, 1, 0, 0, 1, 0, 0, 1, 0],
[1, 0, 1, 0, 0, 1, 0, 1, 0, 0],
[1, 0, 1, 0, 1, 0, 0, 0, 1, 1],
[1, 0, 1, 0, 1, 0, 0, 1, 1, 0],
[1, 0, 1, 0, 1, 0, 1, 1, 0, 1],
[1, 0, 1, 0, 1, 1, 0, 1, 0, 1],
[1, 0, 1, 0, 1, 1, 1, 0, 0, 1],
[1, 0, 1, 0, 1, 1, 1, 0, 1, 0],
[1, 0, 1, 0, 1, 1, 1, 1, 0, 0],
[1, 0, 1, 1, 0, 0, 0, 0, 1, 1],
[1, 0, 1, 1, 0, 0, 0, 1, 0, 1],
[1, 0, 1, 1, 0, 1, 0, 0, 0, 1],
[1, 0, 1, 1, 0, 1, 0, 1, 1, 0],
[1, 0, 1, 1, 1, 0, 0, 0, 1, 1],
[1, 0, 1, 1, 1, 0, 1, 1, 0, 1],
[1, 0, 1, 1, 1, 1, 1, 0, 0, 1],
[1, 0, 1, 1, 1, 1, 1, 1, 1, 0],
[1, 1, 0, 0, 0, 0, 0, 0, 0, 1],
[1, 1, 0, 0, 0, 0, 0, 1, 0, 0],
[1, 1, 0, 0, 0, 0, 1, 0, 1, 0],
[1, 1, 0, 0, 0, 1, 0, 0, 0, 0],
[1, 1, 0, 0, 1, 0, 0, 0, 1, 1],
[1, 1, 0, 0, 1, 0, 0, 1, 0, 0],
[1, 1, 0, 0, 1, 0, 1, 0, 0, 1],
[1, 1, 0, 0, 1, 0, 1, 0, 1, 0],
[1, 1, 0, 0, 1, 1, 0, 0, 0, 0],
[1, 1, 0, 1, 0, 0, 0, 0, 0, 1],
[1, 1, 0, 1, 0, 0, 0, 1, 1, 0],
[1, 1, 0, 1, 0, 1, 0, 0, 1, 0],
[1, 1, 0, 1, 0, 1, 0, 1, 0, 0],
[1, 1, 0, 1, 1, 0, 0, 0, 1, 1],
[1, 1, 0, 1, 1, 0, 1, 0, 0, 1],
[1, 1, 0, 1, 1, 0, 1, 1, 1, 0],
[1, 1, 0, 1, 1, 1, 0, 0, 1, 0],
[1, 1, 0, 1, 1, 1, 0, 1, 0, 1],
[1, 1, 0, 1, 1, 1, 1, 1, 0, 0],
[1, 1, 1, 0, 0, 0, 0, 0, 1, 1],
[1, 1, 1, 0, 0, 0, 1, 1, 0, 1],
[1, 1, 1, 0, 0, 0, 1, 1, 1, 0],
[1, 1, 1, 0, 0, 1, 0, 0, 1, 0],
[1, 1, 1, 0, 0, 1, 1, 0, 0, 1],
[1, 1, 1, 0, 0, 1, 1, 1, 0, 0],
[1, 1, 1, 0, 1, 0, 1, 1, 1, 0],
[1, 1, 1, 0, 1, 1, 0, 0, 1, 1],
[1, 1, 1, 0, 1, 1, 1, 0, 1, 0],
[1, 1, 1, 0, 1, 1, 1, 1, 0, 1],
[1, 1, 1, 1, 0, 0, 0, 0, 1, 1],
[1, 1, 1, 1, 0, 0, 1, 1, 0, 1],
[1, 1, 1, 1, 0, 1, 1, 0, 0, 1],
[1, 1, 1, 1, 0, 1, 1, 1, 1, 0],
[1, 1, 1, 1, 1, 1, 1, 1, 1, 1]]
triangle = Polyhedron(vertices = Points)
for l in triangle.inequality_generator():
    print(l)
-----------------------------------------
Sage Output:
An inequality (-1, 0, 0, 0, 0, 0, 0, 0, 0, 0) x + 1 >= 0
An inequality (0, -1, 0, 0, 0, 0, 0, 0, 0, 0) x + 1 >= 0
An inequality (0, 0, -1, 0, 0, 0, 0, 0, 0, 0) x + 1 >= 0
An inequality (-1, -1, -2, -1, -1, 0, 1, 0, 1, 1) x + 3 >= 0
An inequality (2, 0, 1, 2, 1, -2, -2, -1, -3, -1) x + 3 >= 0
An inequality (1, 0, 1, 2, 1, -2, -1, -1, -2, -1) x + 2 >= 0
An inequality (1, 2, 3, 0, 4, -1, -4, -2, -3, -4) x + 4 >= 0
An inequality (0, -1, -1, 0, 1, -1, 1, -1, 0, -1) x + 3 >= 0
An inequality (-1, 0, 1, -1, 2, 1, -2, -1, -3, -2) x + 6 >= 0
An inequality (0, 0, 1, 0, 2, 0, -1, -1, -2, -2) x + 3 >= 0
An inequality (1, 0, 3, 0, 4, -1, -2, -2, -3, -4) x + 4 >= 0
An inequality (1, 3, 3, 0, 5, -1, -5, -2, -4, -5) x + 5 >= 0
An inequality (0, 0, 0, 0, 1, 0, -1, 0, -1, -1) x + 2 >= 0
An inequality (0, 0, 1, -1, 1, 0, -1, 0, -1, -1) x + 2 >= 0
An inequality (0, 0, 0, -1, 0, 0, 0, 0, 0, 0) x + 1 >= 0
An inequality (-1, 0, -1, -1, 0, 1, -2, 1, -1, 0) x + 4 >= 0
An inequality (0, 0, 1, 0, 1, 0, -1, -1, -1, -1) x + 2 >= 0
An inequality (1, 1, 3, 0, 5, -1, -3, -2, -4, -5) x + 5 >= 0
An inequality (-1, -2, -3, -3, -2, 1, 0, 1, 1, 2) x + 6 >= 0
An inequality (0, 1, 1, 0, 2, 0, -2, -1, -2, -2) x + 3 >= 0
An inequality (2, 1, 4, 1, 6, -2, -3, -3, -5, -6) x + 5 >= 0
An inequality (1, 0, 2, 1, 3, -1, -1, -2, -3, -3) x + 3 >= 0
An inequality (-1, 0, 4, 0, 3, -2, -3, -2, -1, -3) x + 5 >= 0
An inequality (-1, -1, -1, -1, 0, -1, 1, 0, 0, 0) x + 4 >= 0
An inequality (-1, 0, 3, -1, 2, -1, -2, -1, -1, -2) x + 4 >= 0
An inequality (0, 0, 1, 0, 2, -1, 0, -1, -1, -2) x + 2 >= 0
An inequality (2, 0, 1, 0, 3, -3, -1, -1, -2, -3) x + 4 >= 0
An inequality (3, 1, 2, 0, 5, -4, -2, -2, -3, -5) x + 5 >= 0
An inequality (1, 1, 2, 0, 4, -1, -3, -1, -3, -4) x + 4 >= 0
An inequality (1, 2, 2, 0, 4, -1, -4, -1, -3, -4) x + 4 >= 0
An inequality (-1, 0, 3, 0, 2, -2, -2, -1, -1, -2) x + 4 >= 0
An inequality (0, 1, 0, 0, 1, -1, -1, -1, 0, -1) x + 2 >= 0
An inequality (0, 0, 2, 0, 2, -1, -1, -1, -1, -2) x + 2 >= 0
An inequality (0, 1, 0, 0, 1, 0, -2, 0, -1, -1) x + 2 >= 0
An inequality (1, 1, 1, 0, 3, -2, -1, -2, -1, -3) x + 3 >= 0
An inequality (0, 1, 2, 0, 2, -1, -2, -1, -1, -2) x + 2 >= 0
An inequality (2, 0, 1, 1, 1, -2, -2, 0, -3, -1) x + 3 >= 0
An inequality (1, 0, 2, 0, 3, -1, -2, -1, -2, -3) x + 3 >= 0
An inequality (1, 1, 2, 0, 3, -1, -3, -1, -2, -3) x + 3 >= 0
An inequality (0, 0, 3, 1, 2, -2, -2, -2, -1, -2) x + 3 >= 0
An inequality (-1, 0, -1, -1, 0, -1, 0, -1, 1, 0) x + 4 >= 0
An inequality (1, 0, 1, 0, 2, -1, -1, -1, -1, -2) x + 2 >= 0
An inequality (1, 1, 1, 0, 2, -1, -2, -1, -1, -2) x + 2 >= 0
An inequality (0, 2, 1, 0, 2, -1, -2, -1, -1, -2) x + 2 >= 0
An inequality (0, 0, 0, 0, 0, 0, -1, 0, 0, 0) x + 1 >= 0
An inequality (1, 0, 2, 0, 3, -1, -1, -2, -2, -3) x + 3 >= 0
An inequality (2, 0, 2, 1, 3, -3, -2, 0, -4, -3) x + 4 >= 0
An inequality (1, 0, 1, 1, 1, -2, -1, 0, -2, -1) x + 2 >= 0
An inequality (1, 3, 1, 0, 3, -2, -3, -2, -1, -3) x + 3 >= 0
An inequality (1, 0, 1, 1, 2, -2, -1, 0, -3, -2) x + 3 >= 0
An inequality (1, 1, 0, 0, 2, -1, -1, -1, -1, -2) x + 2 >= 0
An inequality (1, 2, 0, 0, 2, -1, -2, -1, -1, -2) x + 2 >= 0
An inequality (0, 0, 0, 0, 1, -1, 0, -1, 0, -1) x + 2 >= 0
An inequality (2, 1, 1, 0, 5, -3, -1, -3, -2, -5) x + 5 >= 0
An inequality (0, 0, 0, 0, 1, -1, -1, 1, -2, -1) x + 3 >= 0
An inequality (1, 0, 1, 0, 2, -2, -2, 1, -3, -2) x + 4 >= 0
An inequality (1, 0, 1, 0, 2, -3, -3, 2, -4, -2) x + 6 >= 0
An inequality (2, 0, 2, 1, 2, -3, -1, -1, -3, -2) x + 3 >= 0
An inequality (1, 0, -1, -1, 0, -1, -2, 1, -1, 0) x + 4 >= 0
An inequality (0, -1, -1, -2, -1, 0, -1, 1, 0, 1) x + 4 >= 0
An inequality (2, 0, 1, 1, 1, -2, -1, -1, -2, -1) x + 2 >= 0
An inequality (3, 1, 3, 1, 5, -4, -2, -2, -4, -5) x + 4 >= 0
An inequality (3, 1, 3, 0, 6, -5, -2, -2, -4, -6) x + 6 >= 0
An inequality (-1, 0, -1, -1, 0, -1, 0, 1, -1, 0) x + 4 >= 0
An inequality (0, -2, -1, 0, -1, -1, 2, -2, -1, 1) x + 5 >= 0
An inequality (0, 0, 0, 0, 0, -1, 0, 0, 0, 0) x + 1 >= 0
An inequality (0, 0, 0, -1, 0, 0, -1, 1, -1, 0) x + 2 >= 0
An inequality (2, 0, 2, 0, 4, -4, -1, -1, -3, -4) x + 5 >= 0
An inequality (1, 0, 2, 0, 3, -2, -1, -1, -2, -3) x + 3 >= 0
An inequality (3, 1, 3, 2, 2, -4, -2, -2, -4, -2) x + 3 >= 0
An inequality (1, 0, 0, 0, 1, -1, -2, 1, -2, -1) x + 3 >= 0
An inequality (0, 0, -1, 0, 1, 0, -2, 1, -2, -1) x + 4 >= 0
An inequality (2, 1, 1, 0, 3, -2, -2, -1, -2, -3) x + 3 >= 0
An inequality (2, 2, 1, 0, 3, -2, -3, -1, -2, -3) x + 3 >= 0
An inequality (0, -1, 0, 0, 0, -1, 1, -1, -1, 0) x + 3 >= 0
An inequality (1, -1, 1, 1, 1, -2, 1, -2, -3, -1) x + 4 >= 0
An inequality (1, 0, 0, 0, 1, -1, -1, 0, -1, -1) x + 2 >= 0
An inequality (2, 1, 2, 0, 5, -4, -1, -2, -3, -5) x + 5 >= 0
An inequality (1, 0, 2, 1, 3, -2, 0, -2, -3, -3) x + 3 >= 0
An inequality (1, 0, 1, 1, 1, -2, 0, -1, -2, -1) x + 2 >= 0
An inequality (1, -1, 1, 1, 2, -2, 1, -2, -3, -2) x + 4 >= 0
An inequality (1, 2, 0, 0, 2, -1, -3, 0, -2, -2) x + 3 >= 0
An inequality (-1, -2, -1, -1, 0, -1, 2, -1, -1, 0) x + 6 >= 0
An inequality (2, 2, 1, 0, 3, -2, -5, 1, -4, -3) x + 5 >= 0
An inequality (0, -1, 0, 0, 1, -1, 1, -1, -1, -1) x + 3 >= 0
An inequality (-1, 0, 3, 0, 2, -1, -2, -2, -1, -2) x + 4 >= 0
An inequality (1, 0, 2, 1, 1, -2, -1, -1, -2, -1) x + 2 >= 0
An inequality (1, 0, 0, 0, 2, -2, 0, -1, -1, -2) x + 3 >= 0
An inequality (1, 2, 1, 0, 2, -2, -2, -1, -1, -2) x + 2 >= 0
An inequality (2, 3, 1, 0, 4, -2, -6, 1, -5, -4) x + 6 >= 0
An inequality (0, -1, 0, 0, 2, -2, 1, -1, -1, -2) x + 4 >= 0
An inequality (1, 0, 1, 0, 3, -3, 0, -1, -2, -3) x + 4 >= 0
An inequality (1, 1, 0, 0, 2, -1, -3, 1, -3, -2) x + 4 >= 0
An inequality (0, 0, 2, 0, 1, -1, -1, -1, -1, -1) x + 2 >= 0
An inequality (1, 1, 1, 0, 2, -1, -2, 0, -2, -2) x + 2 >= 0
An inequality (0, 0, 1, 0, 1, -1, -1, -1, 0, -1) x + 2 >= 0
An inequality (0, 0, 0, 0, 1, -1, 0, 0, -1, -1) x + 2 >= 0
An inequality (1, 1, 1, 0, 2, -2, -1, -1, -1, -2) x + 2 >= 0
An inequality (1, 1, 2, 0, 3, -2, -2, -2, -1, -3) x + 3 >= 0
An inequality (1, 2, 2, 0, 3, -2, -3, -2, -1, -3) x + 3 >= 0
An inequality (1, 1, 0, 0, 1, -1, -2, 0, -1, -1) x + 2 >= 0
An inequality (1, 0, 2, 2, 1, -3, -2, -1, -2, -1) x + 3 >= 0
An inequality (2, 0, 2, 3, 1, -3, -2, -2, -3, -1) x + 3 >= 0
An inequality (2, 1, 1, 0, 4, -3, -1, -2, -2, -4) x + 4 >= 0
An inequality (4, 2, 4, 3, 2, -5, -3, -2, -5, -3) x + 3 >= 0
An inequality (1, 0, 1, 2, 1, -1, -1, -1, -2, -2) x + 2 >= 0
An inequality (1, -1, 0, 1, 0, -1, 1, -2, -2, 0) x + 3 >= 0
An inequality (0, 0, 1, 1, 1, -1, 0, -1, -1, -1) x + 1 >= 0
An inequality (0, 0, 1, 1, 0, -1, 0, -1, -1, 0) x + 1 >= 0
An inequality (1, 0, 1, 1, 2, -1, -1, -1, -2, -2) x + 2 >= 0
An inequality (2, 1, 3, 1, 5, -2, -3, -2, -4, -5) x + 4 >= 0
An inequality (-1, 0, -1, -1, 0, 1, 0, -1, -1, 0) x + 4 >= 0
An inequality (0, -1, -1, -1, -1, 0, 1, -1, 0, 1) x + 3 >= 0
An inequality (0, 0, 0, 0, 0, 0, 0, -1, 0, 0) x + 1 >= 0
An inequality (1, 0, 0, 1, 1, -1, -1, 0, -2, -1) x + 2 >= 0
An inequality (-1, -2, -3, -3, -2, 1, 2, -1, 1, 2) x + 6 >= 0
An inequality (0, -1, -1, 0, 0, 0, 1, -1, 0, 0) x + 2 >= 0
An inequality (1, 0, 0, 0, 0, -1, -1, 0, -1, 0) x + 2 >= 0
An inequality (0, 0, 0, 0, 1, 0, 0, -1, -1, -1) x + 2 >= 0
An inequality (2, 0, 2, 0, 2, -2, -1, -1, -3, -2) x + 3 >= 0
An inequality (1, 1, 1, 0, 2, -1, -1, -1, -2, -2) x + 2 >= 0
An inequality (0, 0, 2, 1, 1, -1, -1, -2, -1, -1) x + 2 >= 0
An inequality (1, 1, 1, 1, 1, -1, -1, -1, -1, -1) x + 0 >= 0
An inequality (2, 1, 1, 0, 4, -2, -1, -3, -2, -4) x + 4 >= 0
An inequality (0, 0, 3, 2, 1, -4, -2, -1, -2, -1) x + 4 >= 0
An inequality (0, -1, -1, -1, -1, 0, 0, 0, 0, 1) x + 3 >= 0
An inequality (1, 0, 0, 1, 1, -1, 0, -1, -1, -1) x + 1 >= 0
An inequality (2, 0, 2, 3, 0, -2, -1, -2, -3, -2) x + 3 >= 0
An inequality (2, 1, 2, 1, 3, -2, -2, -1, -3, -3) x + 2 >= 0
An inequality (2, 0, 2, 1, 3, -3, -1, -1, -3, -3) x + 3 >= 0
An inequality (0, 0, 0, 0, 0, 0, 0, 0, -1, 0) x + 1 >= 0
An inequality (1, 0, 1, 1, 2, -1, 0, -2, -2, -2) x + 2 >= 0
An inequality (1, 2, 1, 0, 2, -1, -2, -1, -2, -2) x + 2 >= 0
An inequality (0, 0, 2, 1, 1, -2, -1, -1, -1, -1) x + 2 >= 0
An inequality (3, 1, 2, 1, 4, -3, -2, -2, -3, -4) x + 3 >= 0
An inequality (2, 1, 2, 0, 5, -2, -1, -4, -3, -5) x + 5 >= 0
An inequality (1, 0, 1, 1, 2, -2, 0, -1, -2, -2) x + 2 >= 0
An inequality (2, 1, 2, 1, 4, -3, -1, -2, -3, -4) x + 3 >= 0
An inequality (2, 0, 1, 1, 2, -2, -1, -1, -2, -2) x + 2 >= 0
An inequality (-1, -2, -2, -1, -1, 0, 2, -1, 0, 1) x + 5 >= 0
An inequality (1, 1, 1, 0, 3, -1, -1, -2, -2, -3) x + 3 >= 0
An inequality (1, 0, 2, 0, 2, -1, -1, -1, -2, -2) x + 2 >= 0
An inequality (2, 1, 2, 2, 1, -3, -1, -2, -3, -1) x + 2 >= 0
An inequality (1, 2, 1, 0, 2, -1, -2, -2, -1, -2) x + 2 >= 0
An inequality (0, 1, 0, 0, 1, 0, -1, -1, -1, -1) x + 2 >= 0
An inequality (2, 1, 1, 1, 3, -2, -1, -2, -2, -3) x + 2 >= 0
An inequality (1, 3, 1, 0, 3, -1, -3, -2, -2, -3) x + 3 >= 0
An inequality (3, 1, 3, 1, 4, -3, -2, -2, -4, -4) x + 3 >= 0
An inequality (1, 1, 1, 0, 2, -1, -1, -2, -1, -2) x + 2 >= 0
An inequality (1, -1, 0, 1, 1, -1, 1, -2, -2, -1) x + 3 >= 0
An inequality (1, 0, 1, 1, 1, -1, 0, -2, -2, -1) x + 2 >= 0
An inequality (1, 0, 2, 2, 1, -1, 0, -3, -3, -2) x + 3 >= 0
An inequality (2, 1, 2, 1, 4, -2, -1, -3, -3, -4) x + 3 >= 0
An inequality (1, 0, 1, 0, 1, -1, -1, 0, -2, -1) x + 2 >= 0
An inequality (2, 0, 1, 1, 2, -2, -2, 0, -3, -2) x + 3 >= 0
An inequality (1, 0, 1, 0, 3, -1, 0, -3, -2, -3) x + 4 >= 0
An inequality (1, 1, 2, 3, 0, -1, -2, -2, -3, -2) x + 3 >= 0
An inequality (1, 0, 0, 1, 0, -1, 0, -1, -1, 0) x + 1 >= 0
An inequality (1, 1, 2, 0, 3, -1, -2, -1, -3, -3) x + 3 >= 0
An inequality (-1, 0, 0, 0, -1, 1, 1, -2, -1, -2) x + 5 >= 0
An inequality (1, 2, 1, 0, 2, -1, -3, 0, -3, -2) x + 3 >= 0
An inequality (0, -1, -1, 0, -1, -1, 1, -1, 0, 1) x + 3 >= 0
An inequality (2, 1, 3, 1, 4, -2, -2, -2, -4, -4) x + 3 >= 0
An inequality (1, 0, 1, 0, 1, -1, 0, -1, -2, -1) x + 2 >= 0
An inequality (1, 2, 2, 0, 3, -1, -3, -1, -3, -3) x + 3 >= 0
An inequality (1, 0, 2, 1, 2, -1, -1, -2, -2, -2) x + 2 >= 0
An inequality (2, 1, 2, 1, 3, -2, -1, -2, -3, -3) x + 2 >= 0
An inequality (0, 0, 2, 2, 1, -3, -1, -1, -2, -1) x + 3 >= 0
An inequality (1, 1, 3, 2, 0, -3, -1, -1, -3, -2) x + 3 >= 0
An inequality (1, 2, 1, 1, 0, -2, 0, -1, -3, -2) x + 3 >= 0
An inequality (1, 0, 2, 1, 2, -2, -1, -1, -2, -2) x + 2 >= 0
An inequality (0, 0, 1, 0, 1, 0, -1, 0, -1, -2) x + 2 >= 0
An inequality (-1, -2, -3, -1, -2, 1, 0, 1, 1, 0) x + 6 >= 0
An inequality (0, 0, 2, 0, 1, -1, -1, 0, -1, -2) x + 2 >= 0
An inequality (2, 1, 0, 0, 1, -2, -3, 1, -2, -2) x + 4 >= 0
An inequality (1, 2, 3, 2, 1, -2, -2, -1, -4, -3) x + 3 >= 0
An inequality (1, 1, 1, 1, 0, -2, 0, -1, -2, -1) x + 2 >= 0
An inequality (1, 0, 2, 1, 1, -2, -1, 0, -2, -2) x + 2 >= 0
An inequality (1, 0, 1, 1, 0, -1, 1, -2, -3, -1) x + 3 >= 0
An inequality (2, 1, 2, 3, 1, -2, -1, -2, -3, -3) x + 2 >= 0
An inequality (2, 1, 2, 2, 1, -2, 1, -3, -5, -3) x + 4 >= 0
An inequality (-2, 0, 1, 0, -1, 2, 1, -4, -2, -3) x + 8 >= 0
An inequality (1, 1, 2, 0, 2, -1, -2, -2, -1, -3) x + 3 >= 0
An inequality (1, -1, 1, 2, 1, -1, 1, -3, -3, -2) x + 4 >= 0
An inequality (2, 1, 2, 4, 1, -2, -2, -2, -4, -3) x + 3 >= 0
An inequality (1, 2, 4, 2, 0, -3, -2, -1, -4, -3) x + 4 >= 0
An inequality (-1, 0, -1, 0, 0, 1, -2, 1, -1, -1) x + 4 >= 0
An inequality (3, 0, 2, 4, 1, -3, -3, -2, -4, -2) x + 4 >= 0
An inequality (0, -1, -1, 0, -1, 0, -1, 1, 0, -1) x + 4 >= 0
An inequality (2, 1, 2, 1, 2, -2, -1, -1, -3, -3) x + 2 >= 0
An inequality (-1, 0, -1, -1, -2, -1, 2, -1, -1, 0) x + 6 >= 0
An inequality (1, 1, 1, 3, 0, -1, -1, -2, -3, -2) x + 3 >= 0
An inequality (0, -1, 1, 0, -1, -2, -1, 1, 0, -1) x + 4 >= 0
An inequality (0, 1, 2, 1, 1, -2, -1, 0, -2, -3) x + 3 >= 0
An inequality (0, 0, 2, 1, 0, 0, -1, -2, -1, -2) x + 3 >= 0
An inequality (0, 0, 0, 1, 0, 0, -1, 0, -1, -1) x + 2 >= 0
An inequality (1, 1, 1, 2, 0, -1, -1, -1, -2, -2) x + 2 >= 0
An inequality (2, 2, 1, 2, 0, -2, -1, -1, -3, -3) x + 3 >= 0
An inequality (2, 0, 2, 2, 0, -2, -1, -1, -3, -2) x + 3 >= 0
An inequality (0, 1, 1, 1, 0, -1, 0, -1, -2, -1) x + 2 >= 0
An inequality (-4, -6, -6, -4, -6, 2, 3, 1, 3, 2) x + 15 >= 0
An inequality (2, 1, 1, 2, 1, -2, -1, -1, -2, -2) x + 1 >= 0
An inequality (3, 1, 3, 3, 1, -4, -2, -1, -4, -3) x + 3 >= 0
An inequality (0, 0, 0, 0, -1, -1, 1, -1, -1, 0) x + 3 >= 0
An inequality (1, 0, 1, 2, 0, -1, -1, -1, -2, -1) x + 2 >= 0
An inequality (1, 0, 1, 1, 1, -1, -1, 0, -2, -2) x + 2 >= 0
An inequality (1, 0, 1, 1, 1, -1, 1, -2, -3, -2) x + 3 >= 0
An inequality (2, 1, 2, 1, 2, -2, -2, 0, -3, -3) x + 2 >= 0
An inequality (0, 0, 0, 0, -1, 0, 0, 0, 0, 0) x + 1 >= 0
An inequality (1, 1, 3, 0, 3, -1, -2, -1, -4, -4) x + 4 >= 0
An inequality (0, 0, 1, 0, -1, 0, 1, -2, -2, -1) x + 4 >= 0
An inequality (3, 1, 2, 2, 1, -3, -2, -1, -3, -2) x + 2 >= 0
An inequality (1, 1, 2, 2, 1, -1, -1, -2, -2, -2) x + 1 >= 0
An inequality (-1, -2, -3, -1, -2, 1, 2, -1, 1, 0) x + 6 >= 0
An inequality (2, 4, 0, 0, 2, -2, -3, -1, -3, -4) x + 5 >= 0
An inequality (2, 0, 1, 1, 0, -2, -2, 0, -2, -1) x + 3 >= 0
An inequality (1, -1, 1, 2, 0, -1, 1, -3, -3, -1) x + 4 >= 0
An inequality (1, 2, 2, 2, 0, -1, -1, -2, -3, -3) x + 3 >= 0
An inequality (0, 0, 1, 1, 0, 0, 0, -2, -1, -1) x + 2 >= 0
An inequality (0, 0, 3, 2, 1, -1, -1, -3, -2, -2) x + 3 >= 0
An inequality (1, 1, 1, 0, 1, -1, 0, -1, -2, -2) x + 2 >= 0
An inequality (-1, 1, -1, 0, 0, 1, -2, 0, -2, -1) x + 5 >= 0
An inequality (0, 1, 2, 1, 1, 0, -1, -2, -2, -3) x + 3 >= 0
An inequality (1, 2, 2, 2, 0, -1, 0, -3, -4, -3) x + 4 >= 0
An inequality (2, 1, 2, 2, 2, -3, -1, -1, -3, -3) x + 2 >= 0
An inequality (2, 2, 3, 5, 1, -2, -3, -3, -5, -4) x + 4 >= 0
An inequality (2, -1, 1, 0, -1, -2, -3, 1, -2, -1) x + 6 >= 0
An inequality (-1, 0, -1, -3, -2, 1, 2, -3, -1, 0) x + 8 >= 0
An inequality (3, 2, 3, 2, 2, -3, 0, -3, -6, -4) x + 4 >= 0
An inequality (2, 0, 1, 1, 1, -2, -3, 1, -3, -2) x + 4 >= 0
An inequality (1, 0, 0, 0, 0, -1, -2, 1, -1, -1) x + 3 >= 0
An inequality (1, 2, 3, 4, 1, -2, -2, -3, -4, -3) x + 3 >= 0
An inequality (3, 1, 3, 1, 2, -3, -2, -1, -4, -3) x + 3 >= 0
An inequality (0, -1, 0, 1, 0, 0, 1, -2, -1, -1) x + 3 >= 0
An inequality (0, 0, 2, 1, 0, -2, -1, 0, -1, -1) x + 2 >= 0
An inequality (-1, -2, -1, -1, -2, 1, 0, -1, 1, 0) x + 6 >= 0
An inequality (2, 2, 2, 1, 1, -2, -2, 0, -4, -3) x + 3 >= 0
An inequality (2, 1, 1, 3, 1, -2, -1, -2, -3, -2) x + 2 >= 0
An inequality (1, 1, 0, 0, 0, -1, -1, 0, -1, -1) x + 2 >= 0
An inequality (3, 1, 3, 1, 3, -3, -2, -1, -4, -4) x + 3 >= 0
An inequality (1, 2, 2, 4, 0, -1, -2, -3, -5, -3) x + 5 >= 0
An inequality (2, 0, 1, 0, 1, -2, -5, 3, -4, -3) x + 7 >= 0
An inequality (1, 0, 1, 2, 1, -1, 0, -2, -2, -2) x + 2 >= 0
An inequality (1, 1, 1, 0, 1, -1, -2, 1, -3, -2) x + 3 >= 0
An inequality (-1, -2, -2, -2, -2, 1, 1, 0, 1, 1) x + 5 >= 0
An inequality (0, -1, 0, 0, -1, 0, 1, -1, -1, 0) x + 3 >= 0
An inequality (-1, -1, 0, 0, -1, 1, 0, -1, 0, -1) x + 4 >= 0
An inequality (-1, -2, -2, -1, -2, 1, 1, 0, 1, 0) x + 5 >= 0
An inequality (1, 1, 0, 0, 1, -1, -1, 0, -1, -2) x + 2 >= 0
An inequality (0, 1, 1, 0, 1, -1, -1, 0, -1, -2) x + 2 >= 0
An inequality (0, 0, 1, 1, 0, 0, -1, -1, -1, -1) x + 2 >= 0
An inequality (1, 1, 2, 1, 0, -1, -2, 0, -3, -2) x + 3 >= 0
An inequality (1, 0, 3, 0, 3, -1, -3, -1, -2, -4) x + 4 >= 0
An inequality (-1, 0, -1, -1, -2, 1, 2, -3, -1, -2) x + 8 >= 0
An inequality (-1, 0, 1, -1, 0, -2, 0, 1, -1, -2) x + 5 >= 0
An inequality (1, 0, 0, 1, 0, -1, -1, 0, -1, -1) x + 2 >= 0
An inequality (1, 0, 1, 1, 0, -1, -1, 0, -2, -1) x + 2 >= 0
An inequality (1, 0, 1, 2, 0, -1, 0, -2, -2, -1) x + 2 >= 0
An inequality (-1, -2, -2, -1, -2, 1, 2, -1, 0, 0) x + 6 >= 0
An inequality (2, 1, 2, 2, 1, -3, -1, -1, -3, -2) x + 2 >= 0
An inequality (1, 1, 1, 2, 0, -1, -1, -2, -2, -1) x + 2 >= 0
An inequality (2, 1, 1, 1, 1, -2, -2, 0, -2, -2) x + 2 >= 0
An inequality (0, 0, 1, 0, 1, 0, 0, -1, -1, -2) x + 2 >= 0
An inequality (0, 1, 0, 1, 0, 0, -1, -1, -2, -1) x + 3 >= 0
An inequality (-1, -1, -1, -1, -1, 1, 1, -1, 0, 0) x + 4 >= 0
An inequality (2, 2, 1, 1, 1, -2, -2, 0, -3, -3) x + 3 >= 0
An inequality (3, 3, 1, 2, 1, -3, -2, -1, -4, -4) x + 4 >= 0
An inequality (-1, 1, -1, 0, 0, 1, -1, -1, -2, -1) x + 5 >= 0
An inequality (1, 1, 1, 1, 0, -1, 1, -2, -3, -2) x + 3 >= 0
An inequality (-1, -2, -1, 0, -1, 1, 2, -2, -1, -1) x + 6 >= 0
An inequality (-2, -3, -3, -2, -3, 1, 1, 1, 1, 1) x + 8 >= 0
An inequality (-1, -2, -2, -2, -2, 1, 2, -1, 0, 1) x + 6 >= 0
An inequality (1, 0, 2, 0, 2, -2, -1, 0, -2, -3) x + 3 >= 0
An inequality (3, 2, 3, 2, 2, -3, -3, 0, -5, -4) x + 3 >= 0
An inequality (3, 2, 3, 2, 1, -4, -2, -2, -4, -2) x + 3 >= 0
An inequality (1, 1, 2, 3, 0, -1, -1, -3, -3, -2) x + 3 >= 0
An inequality (3, 1, 1, 4, 2, -3, -2, -2, -4, -3) x + 3 >= 0
An inequality (1, 2, 0, 0, 1, -1, -2, 0, -2, -2) x + 3 >= 0
An inequality (1, 2, 3, 0, 3, -1, -3, -1, -4, -4) x + 4 >= 0
An inequality (2, 0, 1, 2, 0, -2, -1, -1, -2, -1) x + 2 >= 0
An inequality (-3, -4, -5, -3, -4, 1, 2, 1, 3, 2) x + 10 >= 0
An inequality (0, 0, 0, -1, -1, 0, 1, -1, -1, 0) x + 3 >= 0
An inequality (-1, -1, -1, 0, -1, 1, 1, -1, 0, -1) x + 4 >= 0
An inequality (-1, 0, 0, -1, -1, 1, 1, -2, -1, -1) x + 5 >= 0
An inequality (2, 1, 1, 0, 2, -2, -2, 0, -2, -3) x + 3 >= 0
An inequality (1, 1, 2, 2, 0, -1, 0, -3, -3, -2) x + 3 >= 0
An inequality (1, 1, 2, 1, 1, -1, -1, -1, -2, -2) x + 1 >= 0
An inequality (0, 0, 0, 0, 0, 0, -1, 1, -1, -1) x + 2 >= 0
An inequality (4, 5, 6, 3, 3, -4, -6, -1, -10, -7) x + 7 >= 0
An inequality (2, 1, 3, 1, 2, -2, -2, -1, -3, -3) x + 2 >= 0
An inequality (3, 1, 3, 2, 3, -4, -2, -1, -4, -4) x + 3 >= 0
An inequality (2, 3, 2, 1, 1, -2, -1, -2, -4, -3) x + 3 >= 0
An inequality (2, 4, 3, 0, 3, -2, -6, 1, -8, -5) x + 8 >= 0
An inequality (-2, -2, -1, 0, -1, 2, 2, -3, -1, -2) x + 8 >= 0
An inequality (1, 1, 4, 3, 0, -3, -2, -2, -3, -2) x + 3 >= 0
An inequality (1, 1, 1, 0, 0, -1, 0, -1, -2, -1) x + 2 >= 0
An inequality (1, 1, 1, 1, 0, -1, 0, -2, -2, -1) x + 2 >= 0
An inequality (1, 1, 1, 1, 0, -1, -1, 0, -2, -2) x + 2 >= 0
An inequality (2, 2, 1, 1, 0, -2, -1, -1, -3, -2) x + 3 >= 0
An inequality (1, 1, 0, 1, 0, -1, 0, -1, -2, -1) x + 2 >= 0
An inequality (3, 4, 2, 2, 1, -3, -2, -2, -5, -4) x + 4 >= 0
An inequality (3, 1, 2, 5, 2, -3, -3, -2, -5, -4) x + 4 >= 0
An inequality (-2, -3, -3, -2, -3, 1, 3, -1, 0, 1) x + 9 >= 0
An inequality (1, 1, 2, 1, 0, -2, -1, -1, -2, -1) x + 2 >= 0
An inequality (1, 2, 1, -1, 0, -2, -2, 1, -3, -2) x + 5 >= 0
An inequality (1, 0, 1, 0, 1, -1, -1, 0, -1, -2) x + 2 >= 0
An inequality (2, 1, 2, 2, 1, -2, -1, -1, -3, -3) x + 2 >= 0
An inequality (1, 3, 1, 0, 2, -1, -2, -2, -2, -3) x + 3 >= 0
An inequality (1, 2, 1, 0, 1, -1, -1, -1, -2, -2) x + 2 >= 0
An inequality (1, 0, 2, 0, 2, -1, -2, -1, -1, -3) x + 3 >= 0
An inequality (3, 1, 2, 1, 3, -3, -2, -1, -3, -4) x + 3 >= 0
An inequality (3, 1, 2, 2, 2, -3, -2, -1, -3, -3) x + 2 >= 0
An inequality (-1, 0, -1, -1, -1, -1, 1, 0, 0, 0) x + 4 >= 0
An inequality (1, 4, 1, 0, 1, -1, -2, -2, -3, -4) x + 5 >= 0
An inequality (1, 0, 2, 2, 2, -1, 0, -3, -3, -3) x + 3 >= 0
An inequality (1, 1, 2, 0, 2, -1, -2, 0, -3, -3) x + 3 >= 0
An inequality (-2, -4, -3, -2, -3, 1, 4, -2, -1, 1) x + 11 >= 0
An inequality (2, 0, 1, 2, 1, -2, -2, 0, -3, -2) x + 3 >= 0
An inequality (0, 0, 2, 1, 1, -1, -1, -1, -1, -2) x + 2 >= 0
An inequality (2, 1, 3, 2, 1, -3, -2, -1, -3, -2) x + 2 >= 0
An inequality (1, 1, 1, 0, 2, -1, 0, -2, -2, -3) x + 3 >= 0
An inequality (2, 3, 2, 1, 1, -2, -2, -1, -4, -3) x + 3 >= 0
An inequality (1, 1, 1, 0, -1, -1, 1, -2, -3, -1) x + 4 >= 0
An inequality (0, 1, 0, 0, 0, 0, 0, -1, -1, -1) x + 2 >= 0
An inequality (1, 2, 1, 0, 1, -1, -2, 0, -3, -2) x + 3 >= 0
An inequality (0, 0, 3, 0, 2, -1, -2, -1, -1, -3) x + 3 >= 0
An inequality (3, 3, 4, 2, 2, -3, -4, 0, -7, -5) x + 5 >= 0
An inequality (0, 0, 1, 0, 1, -1, 0, 0, -1, -2) x + 2 >= 0
An inequality (0, 1, 1, 1, 0, 0, 0, -2, -2, -2) x + 3 >= 0
An inequality (2, 1, 2, 1, 1, -2, -2, 0, -3, -2) x + 2 >= 0
An inequality (1, 0, 2, 0, 2, -1, -2, 0, -2, -3) x + 3 >= 0
An inequality (1, 0, 1, 1, 0, -2, -1, 0, -1, -1) x + 2 >= 0
An inequality (1, 2, 1, 2, 0, -1, -1, -2, -3, -2) x + 3 >= 0
An inequality (1, 2, 1, 1, 0, -1, -1, -1, -2, -2) x + 2 >= 0
An inequality (2, 2, 3, 1, 1, -2, -3, 0, -5, -3) x + 4 >= 0
An inequality (3, 1, 2, 3, 2, -3, -3, 0, -5, -4) x + 4 >= 0
An inequality (1, 2, 1, 1, 0, -1, 0, -2, -3, -2) x + 3 >= 0
An inequality (1, 1, 1, 0, 0, -1, -1, 0, -2, -1) x + 2 >= 0
An inequality (1, 1, 2, 2, 1, -2, -1, -1, -2, -2) x + 1 >= 0
An inequality (4, 2, 3, 3, 3, -4, -4, 0, -6, -5) x + 4 >= 0
An inequality (1, 1, 1, 1, 0, -1, 0, -1, -2, -2) x + 2 >= 0
An inequality (-1, -3, -2, -1, -2, 1, 3, -2, -1, 0) x + 8 >= 0
An inequality (3, 2, 2, 1, 3, -3, -5, 2, -6, -5) x + 6 >= 0
An inequality (1, 1, 2, 1, -1, -1, 1, -3, -4, -2) x + 5 >= 0
An inequality (5, 3, 4, 3, 4, -5, -6, 1, -8, -7) x + 6 >= 0
An inequality (2, 2, 2, 1, 1, -2, 0, -2, -4, -3) x + 3 >= 0
An inequality (0, 0, 0, 0, 0, 0, 0, 0, 0, -1) x + 1 >= 0
An inequality (0, 1, 1, 0, 1, 0, -1, -1, -1, -2) x + 2 >= 0
An inequality (2, 1, 1, 1, 2, -2, -1, -1, -2, -3) x + 2 >= 0
An inequality (0, 0, 2, 0, 1, 0, -1, -1, -1, -2) x + 2 >= 0
An inequality (2, 1, 2, 1, 1, -2, 0, -2, -4, -2) x + 3 >= 0
An inequality (1, 0, 3, 1, 2, -1, -1, -2, -3, -3) x + 3 >= 0
An inequality (-1, -2, -2, -1, -2, 1, 0, 1, 0, 0) x + 6 >= 0
An inequality (0, 1, 0, 0, 0, -1, 0, 0, -1, -1) x + 2 >= 0
An inequality (-2, -1, 0, 0, -1, 2, 1, -3, -1, -2) x + 7 >= 0
An inequality (2, 3, 1, 1, 1, -2, -2, -1, -3, -3) x + 3 >= 0
An inequality (2, 1, 1, 1, 0, -2, -1, -1, -2, -1) x + 2 >= 0
An inequality (2, 1, 1, 0, 2, -2, -4, 2, -4, -3) x + 5 >= 0
An inequality (0, 1, 0, 0, -1, -1, 1, -1, -2, -1) x + 4 >= 0
An inequality (1, 0, 2, 2, 0, -2, -1, -1, -2, -1) x + 2 >= 0
An inequality (0, 1, 0, 0, 0, 0, -1, 0, -1, -1) x + 2 >= 0
An inequality (1, 1, 1, 0, 1, -1, -1, 0, -2, -2) x + 2 >= 0
An inequality (3, 2, 3, 2, 2, -3, -1, -2, -5, -4) x + 3 >= 0
An inequality (2, 1, 4, 3, 1, -4, -2, -1, -4, -3) x + 3 >= 0
An inequality (1, 0, 3, 2, 2, -1, -1, -3, -3, -3) x + 3 >= 0
An inequality (1, 1, 3, 1, 0, -2, -2, 0, -3, -2) x + 3 >= 0
An inequality (1, 3, 0, 0, 1, -1, -2, -1, -2, -3) x + 4 >= 0
An inequality (2, 1, 2, 1, 3, -3, -1, -1, -3, -4) x + 3 >= 0
An inequality (1, 1, 4, 2, 0, -3, -2, -1, -3, -2) x + 3 >= 0
An inequality (1, 0, 1, 0, 1, -1, -2, 1, -2, -2) x + 3 >= 0
An inequality (2, 1, 2, 1, 1, -2, -1, -1, -3, -2) x + 2 >= 0
An inequality (0, 0, 1, 0, 0, 0, -1, -1, 0, -1) x + 2 >= 0
An inequality (1, 1, 1, 1, -1, -2, 1, -2, -3, -1) x + 4 >= 0
An inequality (3, 1, 2, 2, 2, -3, -3, 0, -4, -3) x + 3 >= 0
An inequality (-1, -2, -2, -2, -2, 1, 0, 1, 0, 1) x + 6 >= 0
An inequality (-1, 0, 1, 0, 0, 1, 0, -2, -1, -2) x + 4 >= 0
An inequality (3, 2, 2, 2, 2, -3, -3, 0, -4, -4) x + 3 >= 0
An inequality (2, 0, 1, 3, 1, -2, -2, -1, -3, -2) x + 3 >= 0
An inequality (4, 2, 3, 2, 3, -4, -5, 1, -6, -5) x + 5 >= 0
An inequality (0, 0, 0, 0, 0, 0, 1, -1, -1, -1) x + 2 >= 0
An inequality (2, 2, 1, 0, 3, -2, -5, 2, -5, -4) x + 6 >= 0
An inequality (1, 0, 3, 0, 2, -1, -2, -1, -2, -3) x + 3 >= 0
An inequality (2, 1, 1, 2, 1, -2, 0, -2, -3, -2) x + 2 >= 0
An inequality (-1, 0, 2, 0, 0, 1, -1, -2, -1, -3) x + 5 >= 0
An inequality (2, 1, 3, 1, 3, -2, -1, -2, -4, -4) x + 3 >= 0
An inequality (2, 1, 2, 1, 2, -2, 0, -2, -4, -3) x + 3 >= 0
An inequality (2, 1, 4, 1, 4, -2, -2, -2, -5, -5) x + 4 >= 0
An inequality (-1, -1, -2, 0, -1, 1, -1, 1, 0, -1) x + 5 >= 0
An inequality (1, 2, 1, 1, -1, -2, 1, -2, -4, -2) x + 5 >= 0
An inequality (1, 1, 0, 0, 1, -1, -2, 1, -2, -2) x + 3 >= 0
An inequality (1, 3, 4, 3, 1, -3, -2, -2, -5, -4) x + 4 >= 0
An inequality (-1, -1, 0, 0, 0, 2, 1, 2, 1, 2) x + 0 >= 0
An inequality (-1, 0, 3, 0, 1, -2, -1, 1, 0, -2) x + 3 >= 0
An inequality (1, 0, 2, 3, 0, 0, -1, -3, -2, -2) x + 3 >= 0
An inequality (-2, 0, 1, 0, -1, 2, 1, -3, -1, -2) x + 6 >= 0
An inequality (1, 0, 0, 0, 1, -1, 0, 0, 0, -1) x + 1 >= 0
An inequality (0, 0, 2, 2, 0, 0, -1, -2, -1, -1) x + 2 >= 0
An inequality (0, -1, 1, 1, -1, 1, -1, -2, 0, -1) x + 4 >= 0
An inequality (0, 1, 1, 1, 0, 0, 0, -1, -1, -1) x + 1 >= 0
An inequality (0, 0, 0, 0, -1, -1, 1, -1, 0, 1) x + 2 >= 0
An inequality (-1, 0, 3, 0, 2, -1, -2, -1, 0, -2) x + 3 >= 0
An inequality (0, -1, 2, 2, -1, 1, -1, -3, -1, -2) x + 5 >= 0
An inequality (1, 2, 0, 0, 1, 0, -1, -1, -1, -2) x + 2 >= 0
An inequality (0, -1, 0, 1, -1, 0, 1, 0, 1, -1) x + 2 >= 0
An inequality (0, -2, -2, 0, -2, 1, 2, 1, 3, -1) x + 3 >= 0
An inequality (1, -1, -1, 0, 0, 1, 2, -2, 0, -1) x + 3 >= 0
An inequality (0, -1, 0, -1, -1, 1, 0, 1, 1, 2) x + 1 >= 0
An inequality (-1, -1, -2, 0, -1, 1, 1, 1, 2, 0) x + 2 >= 0
An inequality (1, 1, 0, 1, 0, 0, 0, -1, -1, -1) x + 1 >= 0
An inequality (1, 0, 0, 0, 0, 1, -1, -1, 1, -1) x + 2 >= 0
An inequality (0, 0, 3, 2, 0, -1, -1, -2, -1, -1) x + 2 >= 0
An inequality (2, 1, 3, 5, 0, -1, -2, -4, -4, -3) x + 4 >= 0
An inequality (0, -2, -2, 0, -2, 1, 0, 1, 1, -1) x + 5 >= 0
An inequality (-1, 0, 2, 0, 2, -1, -2, -1, 0, -1) x + 3 >= 0
An inequality (1, 1, 0, 0, 1, -1, -1, 0, 0, -1) x + 1 >= 0
An inequality (2, 4, 4, 5, 0, -1, -1, -6, -7, -6) x + 7 >= 0
An inequality (2, 1, 0, 0, 1, -2, -2, 1, -1, -2) x + 3 >= 0
An inequality (0, 1, -1, 0, -1, -1, 1, 1, 0, -1) x + 3 >= 0
An inequality (-1, -2, -3, -1, -4, 1, 4, 3, 5, -2) x + 6 >= 0
An inequality (2, 0, 0, 3, 0, -1, -1, -1, -2, -1) x + 2 >= 0
An inequality (1, 1, 0, 2, 0, 0, -1, -1, -1, 0) x + 1 >= 0
An inequality (0, -1, -1, -3, -2, 1, 2, 1, 3, 2) x + 2 >= 0
An inequality (0, -1, 0, 1, -1, 1, 0, -1, 0, -1) x + 3 >= 0
An inequality (0, -2, -2, -3, -2, 1, -1, 2, 0, 2) x + 6 >= 0
An inequality (-1, 2, -1, 0, -2, -2, 2, 2, 0, -1) x + 5 >= 0
An inequality (1, 1, 3, 3, 1, -2, -1, -2, -2, -2) x + 1 >= 0
An inequality (2, 3, 0, 0, 2, -1, -2, -1, -2, -3) x + 3 >= 0
An inequality (0, -1, -1, -1, 0, 1, 1, 0, 1, 1) x + 1 >= 0
An inequality (3, 1, 1, 2, 0, 0, -2, -3, 0, -2) x + 3 >= 0
An inequality (-1, 0, 0, 0, -1, 0, 1, 1, 1, -1) x + 2 >= 0
An inequality (1, -2, -1, 0, 0, 2, 4, -4, -1, -2) x + 6 >= 0
An inequality (0, -1, 0, 0, -1, 0, 1, 1, 1, -1) x + 2 >= 0
An inequality (2, 0, 2, 4, 0, -1, -1, -3, -3, -2) x + 3 >= 0
An inequality (2, 1, -1, 0, 0, -2, -1, 1, 0, -1) x + 3 >= 0
An inequality (-1, -1, 0, 0, -2, 3, 2, 3, 2, 1) x + 1 >= 0
An inequality (-1, 1, -1, 0, 0, 0, -1, 2, 2, 2) x + 1 >= 0
An inequality (0, -1, -1, -2, -1, 1, -1, 2, -1, 1) x + 4 >= 0
An inequality (0, 1, 2, 2, 0, -1, 0, -1, -1, -1) x + 1 >= 0
An inequality (0, 0, 0, 0, 0, 0, 0, 0, 1, 0) x + 0 >= 0
An inequality (1, 1, 3, 4, 0, -1, -2, -3, -3, -2) x + 3 >= 0
An inequality (1, -1, 1, 0, -1, -1, -2, 1, -1, 0) x + 4 >= 0
An inequality (-1, 0, 1, 0, 0, -1, 0, 1, 0, -1) x + 2 >= 0
An inequality (0, -1, 0, -1, -1, 1, 1, 1, 1, 1) x + 1 >= 0
An inequality (1, 0, 0, 1, 0, 0, -1, 1, -2, -1) x + 2 >= 0
An inequality (1, 0, 0, 2, 0, 0, -1, 0, -2, -1) x + 2 >= 0
An inequality (-1, 1, -1, 0, 0, 2, -3, 1, -2, -1) x + 5 >= 0
An inequality (0, -1, 0, 1, 0, 0, 1, -1, 0, -1) x + 2 >= 0
An inequality (1, 0, 1, 2, 0, 0, -1, -2, -1, -1) x + 2 >= 0
An inequality (-1, -1, -1, -2, -2, 0, 2, 2, 2, 0) x + 4 >= 0
An inequality (1, 0, 1, 2, 0, -1, 0, -1, -1, -1) x + 1 >= 0
An inequality (1, 2, 2, 2, 0, 0, -3, 0, -5, -3) x + 5 >= 0
An inequality (2, 1, 2, 1, 1, -1, 0, -2, -3, -2) x + 2 >= 0
An inequality (1, 1, 3, 2, 0, -2, -2, -1, -2, -1) x + 2 >= 0
An inequality (2, 4, 2, 3, 0, -1, -1, -4, -5, -4) x + 5 >= 0
An inequality (0, 0, 2, 1, 1, -2, 0, 0, -1, -2) x + 2 >= 0
An inequality (-1, 0, -1, -1, -2, 1, 2, -1, 1, 0) x + 4 >= 0
An inequality (0, 0, 3, 1, 1, -2, -1, 0, -1, -2) x + 2 >= 0
An inequality (1, 0, 2, 3, 0, -1, -1, -2, -2, -1) x + 2 >= 0
An inequality (-1, -4, -5, -1, -6, 3, 6, 3, 7, -2) x + 8 >= 0
An inequality (-3, -2, -4, 0, -2, 2, 1, 2, 3, 1) x + 5 >= 0
An inequality (0, 0, 1, 0, 1, 0, 0, 0, -1, -1) x + 1 >= 0
An inequality (0, 0, 1, 0, 1, -1, 0, 0, 0, -1) x + 1 >= 0
An inequality (0, -1, 0, 0, 0, 1, 1, 1, 1, 1) x + 0 >= 0
An inequality (1, 1, 1, 1, 0, 0, -2, 0, -2, -1) x + 2 >= 0
An inequality (1, -2, -2, 0, -1, 2, 5, -4, -1, -2) x + 7 >= 0
An inequality (0, -1, -1, 1, -1, 1, -1, 1, -1, -1) x + 4 >= 0
An inequality (0, 0, 3, 2, 0, 0, -1, -3, -1, -2) x + 3 >= 0
An inequality (1, 1, 0, 2, 0, 1, -2, 0, -3, -1) x + 3 >= 0
An inequality (2, 0, 1, 3, 0, -1, -1, -2, -2, -1) x + 2 >= 0
An inequality (0, 0, 1, 1, 0, -1, -1, 0, 0, 0) x + 1 >= 0
An inequality (0, -1, 1, 0, -1, 1, -1, 0, 1, 1) x + 2 >= 0
An inequality (0, 0, -1, 0, 1, 0, -1, 1, -1, 0) x + 2 >= 0
An inequality (0, 0, 2, 1, 0, 0, -1, -2, 0, -1) x + 2 >= 0
An inequality (0, 0, 0, -1, 0, 1, -1, 1, 0, 1) x + 1 >= 0
An inequality (-1, 0, 0, -1, -1, 1, 1, 1, 1, 1) x + 1 >= 0
An inequality (3, 1, 1, 2, 0, -3, -2, 0, -2, -2) x + 3 >= 0
An inequality (-1, -1, 0, 0, -2, 4, 2, 4, 3, 2) x + 0 >= 0
An inequality (1, 0, 0, 0, 2, -1, 0, -1, 0, -2) x + 2 >= 0
An inequality (0, 0, 1, 1, 0, 0, 0, -1, 0, -1) x + 1 >= 0
An inequality (-2, 0, -2, 0, -1, 0, 1, 1, 1, 1) x + 3 >= 0
An inequality (-1, -1, -1, 0, -1, 1, 1, 1, 1, 0) x + 2 >= 0
An inequality (-1, 0, -1, -1, 0, 1, 0, 1, 1, 2) x + 0 >= 0
An inequality (2, 1, 0, 1, 0, -2, -1, 0, -1, -1) x + 2 >= 0
An inequality (2, 1, 0, 2, 0, -2, -1, -1, -1, -1) x + 2 >= 0
An inequality (-1, 0, -1, -1, -2, 1, 2, 1, 3, 0) x + 2 >= 0
An inequality (0, 0, 3, 1, 2, -2, -1, -1, -1, -2) x + 2 >= 0
An inequality (2, 1, 1, 2, 0, -2, -2, -1, -1, -1) x + 2 >= 0
An inequality (0, 0, 2, 2, 0, -1, 0, -1, 0, -1) x + 1 >= 0
An inequality (0, -1, -1, 0, 0, 1, 1, 1, 2, 1) x + 0 >= 0
An inequality (0, -1, 2, 3, -1, -1, -2, -1, 1, 1) x + 3 >= 0
An inequality (2, 1, 1, 1, 1, -1, 0, -1, -2, -2) x + 1 >= 0
An inequality (1, -1, -1, 0, 0, -1, 1, 1, 2, -1) x + 2 >= 0
An inequality (2, 1, 0, 2, 0, -1, 0, -1, -2, -2) x + 2 >= 0
An inequality (0, -2, -1, 0, -2, 1, 2, 1, 2, -1) x + 3 >= 0
An inequality (-1, 0, -1, 0, -2, 2, 2, -1, 1, -1) x + 4 >= 0
An inequality (2, 2, 0, 3, 0, -1, -1, -2, -3, -2) x + 3 >= 0
An inequality (3, 3, 0, 3, 0, -2, -1, -2, -4, -3) x + 4 >= 0
An inequality (1, 1, -1, 0, 0, 1, 0, -1, 0, -1) x + 2 >= 0
An inequality (2, 1, -1, 0, 0, 1, -1, -2, 1, -1) x + 3 >= 0
An inequality (-1, 0, -1, 0, 1, 0, -1, 1, 0, 1) x + 2 >= 0
An inequality (0, 1, 3, 3, 0, -2, -1, -2, -2, -1) x + 2 >= 0
An inequality (0, 0, 0, 1, -1, 1, 1, -1, 0, -1) x + 2 >= 0
An inequality (0, 1, 3, 3, 0, -3, -1, -1, -2, -2) x + 3 >= 0
An inequality (1, 1, 2, 1, 0, -1, -2, 0, -2, -1) x + 2 >= 0
An inequality (0, 0, 4, 3, 0, -2, -1, -2, -1, -1) x + 2 >= 0
An inequality (4, 1, 0, 4, 0, -3, -1, -2, -3, -2) x + 3 >= 0
An inequality (0, -1, 1, 0, 0, -1, 0, 1, 0, -1) x + 2 >= 0
An inequality (2, 1, -1, 0, 0, -2, -2, 1, -1, -1) x + 4 >= 0
An inequality (0, 1, 3, 2, 0, -2, -1, -1, -2, -1) x + 2 >= 0
An inequality (1, 0, 1, 0, 0, 0, 1, -1, -1, 0) x + 1 >= 0
An inequality (1, 1, -1, 0, 0, -1, -1, 1, 0, 0) x + 2 >= 0
An inequality (1, 0, 0, 2, 0, 0, 0, -1, -1, -1) x + 1 >= 0
An inequality (0, -1, 0, 0, -1, 1, 1, 1, 1, 0) x + 1 >= 0
An inequality (1, 1, 0, 0, 1, 0, -1, 0, -1, -1) x + 1 >= 0
An inequality (0, -1, -1, -2, -1, 1, -1, 2, 0, 2) x + 3 >= 0
An inequality (6, 4, 4, 4, 3, -5, -5, 0, -8, -7) x + 5 >= 0
An inequality (-1, 0, 1, 0, 1, 0, -1, -1, 0, 0) x + 2 >= 0
An inequality (3, 1, 0, 3, 0, -3, -1, -1, -2, -2) x + 3 >= 0
An inequality (0, -1, -1, 1, -1, 1, 1, -1, 0, -1) x + 3 >= 0
An inequality (-2, -1, -1, -2, -2, 3, 2, 1, 0, 3) x + 4 >= 0
An inequality (-1, 0, 0, -1, 0, 1, 0, 1, 0, 1) x + 1 >= 0
An inequality (0, -1, 0, 0, -1, 1, 0, 1, 1, 1) x + 1 >= 0
An inequality (-1, 0, -1, -3, -4, 3, 4, 3, 5, 2) x + 2 >= 0
An inequality (-1, -2, -2, 0, -2, 2, 1, 0, 1, -1) x + 5 >= 0
An inequality (0, -1, 1, 2, -1, -1, -1, -1, 0, 1) x + 3 >= 0
An inequality (-1, -1, -1, -1, -1, 0, 1, 1, 1, 0) x + 3 >= 0
An inequality (-1, -3, -4, 0, -3, 2, -1, 2, 1, -1) x + 9 >= 0
An inequality (-2, 0, 0, 0, -2, 1, 2, 1, 2, -1) x + 3 >= 0
An inequality (-1, -1, 0, -1, -2, 2, 2, 0, -1, 2) x + 4 >= 0
An inequality (-1, -1, 0, 1, -1, 0, 1, 0, -1, 1) x + 3 >= 0
An inequality (1, 1, 5, 4, 0, -3, -2, -3, -3, -2) x + 3 >= 0
An inequality (2, 1, 0, 2, 0, -1, -1, -1, -1, 0) x + 1 >= 0
An inequality (1, 2, 1, 3, 0, 0, -2, -2, -4, -2) x + 4 >= 0
An inequality (-1, 1, -1, 0, 0, 2, -1, 0, 1, 2) x + 1 >= 0
An inequality (-1, -1, 0, -1, -1, 2, 1, 2, 1, 2) x + 1 >= 0
An inequality (-1, -1, 1, -1, 0, -2, 1, 2, 0, -2) x + 5 >= 0
An inequality (1, 0, 0, 1, 0, 0, 0, -1, 0, -1) x + 1 >= 0
An inequality (-1, -1, -2, 0, -2, 1, 2, 2, 3, -1) x + 3 >= 0
An inequality (-1, -2, -2, 0, -2, 2, 2, -1, 0, -1) x + 6 >= 0
An inequality (4, 2, 2, 2, 1, -3, -3, 0, -4, -3) x + 3 >= 0
An inequality (0, -1, -1, 0, -1, 1, -1, 1, 0, 0) x + 3 >= 0
An inequality (0, -1, -2, 0, -2, 1, 2, 1, 2, -1) x + 3 >= 0
An inequality (-1, -2, -3, 0, -2, 2, 2, -1, 1, -1) x + 6 >= 0
An inequality (-1, -2, -2, -2, -2, 1, 2, 1, 2, 1) x + 4 >= 0
An inequality (0, -1, 0, 0, 1, 0, 1, -1, 0, -1) x + 2 >= 0
An inequality (-1, -1, 0, 0, -1, 1, -1, -1, 1, 0) x + 4 >= 0
An inequality (1, 1, 2, 3, 0, -1, -2, -2, -2, -1) x + 2 >= 0
An inequality (3, 1, -1, 0, 0, -2, -3, 1, -2, -1) x + 5 >= 0
An inequality (-1, -1, 0, 0, -1, 1, 1, 0, -1, 1) x + 3 >= 0
An inequality (0, 1, 0, 0, 1, 0, -1, 0, 0, 0) x + 0 >= 0
An inequality (0, 0, -1, 0, 0, 1, -1, 1, -1, 0) x + 2 >= 0
An inequality (2, 1, 0, 4, 0, -1, -1, -2, -3, -2) x + 3 >= 0
An inequality (-2, 1, -2, 0, -2, -1, 2, 1, 0, 1) x + 5 >= 0
An inequality (-2, -1, -1, -2, -2, 3, 2, 3, 2, 3) x + 2 >= 0
An inequality (2, 3, 4, 5, 0, -1, -1, -6, -6, -5) x + 6 >= 0
An inequality (0, 1, 1, 2, 0, 0, -1, -1, -1, 0) x + 1 >= 0
An inequality (1, 2, 1, 1, 0, 1, -3, 1, -4, -2) x + 4 >= 0
An inequality (-2, 1, -1, 0, 0, 2, -1, 1, 1, 2) x + 1 >= 0
An inequality (-1, 0, 0, 0, -1, 1, 1, 1, 1, 0) x + 1 >= 0
An inequality (0, -1, -1, -2, -2, 1, 2, -1, 0, 1) x + 4 >= 0
An inequality (-1, 1, -1, 0, 0, 2, -1, 1, 0, 1) x + 1 >= 0
An inequality (1, 0, 1, 0, -1, 0, 2, -2, -2, 0) x + 3 >= 0
An inequality (0, -1, 1, 0, -1, 1, -1, -2, 1, -1) x + 4 >= 0
An inequality (0, 0, 3, 1, 1, 0, -1, -2, -1, -2) x + 2 >= 0
An inequality (0, 1, 0, 1, 0, 1, -1, 0, -1, 0) x + 1 >= 0
An inequality (0, 1, 1, 2, 0, 0, -1, -1, -2, -1) x + 2 >= 0
An inequality (1, 1, 1, 0, 0, 0, -2, 1, -3, -1) x + 3 >= 0
An inequality (-1, -1, 0, -1, 0, -1, 1, 1, 0, -1) x + 4 >= 0
An inequality (-1, 0, -1, 0, -2, 2, 2, 0, 2, -1) x + 3 >= 0
An inequality (1, -1, -1, -1, 0, -1, 1, 1, 2, 0) x + 2 >= 0
An inequality (4, 4, 1, 3, 1, -3, -2, -2, -5, -4) x + 4 >= 0
An inequality (5, 6, 3, 3, 2, -4, -4, -2, -7, -6) x + 5 >= 0
An inequality (6, 7, 3, 4, 2, -5, -4, -3, -8, -7) x + 6 >= 0
An inequality (2, 2, 1, 1, 1, -1, -2, 0, -3, -2) x + 2 >= 0
An inequality (-3, -1, -1, 0, -1, 2, -2, 2, 4, 4) x + 3 >= 0
An inequality (1, -1, 1, 0, -1, 0, -1, 1, 0, 1) x + 2 >= 0
An inequality (-1, 0, 0, 0, 0, 0, -1, 1, 1, 1) x + 1 >= 0
An inequality (2, 0, -1, 2, -1, 0, 1, -1, -1, -2) x + 3 >= 0
An inequality (5, 4, 1, 4, 1, -4, -2, -2, -6, -5) x + 5 >= 0
An inequality (8, 7, 3, 6, 2, -7, -4, -3, -10, -9) x + 8 >= 0
An inequality (-2, -1, -1, 0, -1, 1, -1, 0, 2, 1) x + 4 >= 0
An inequality (0, 0, 0, -1, -1, 1, 1, 1, 2, 1) x + 0 >= 0
An inequality (0, 0, 1, 0, -1, 0, 1, -1, -1, 0) x + 2 >= 0
An inequality (-1, 0, -1, 0, -1, 1, 1, 1, 2, 0) x + 1 >= 0
An inequality (1, 0, 1, 1, 0, -1, -1, 0, -1, 0) x + 1 >= 0
An inequality (5, 2, 2, 3, 1, -4, -3, -1, -4, -3) x + 3 >= 0
An inequality (1, -1, 0, 0, 0, -1, 0, 1, 1, -1) x + 2 >= 0
An inequality (-1, -4, -2, 0, -2, 2, 4, -3, -2, -1) x + 10 >= 0
An inequality (-2, -1, -1, -2, -1, 3, 1, 2, 1, 3) x + 2 >= 0
An inequality (0, -1, 1, 0, 1, -2, 1, 1, 0, -2) x + 3 >= 0
An inequality (6, 2, 1, 3, 0, -4, -3, -1, -4, -2) x + 4 >= 0
An inequality (0, -1, -1, 0, -1, 1, 1, 0, 1, -1) x + 2 >= 0
An inequality (1, 2, 1, 3, 0, 1, -3, -1, -4, -2) x + 4 >= 0
An inequality (0, -1, 3, 2, -1, 1, -1, -4, -1, -3) x + 6 >= 0
An inequality (1, 0, 1, 2, 0, -1, -1, -1, -1, 0) x + 1 >= 0
An inequality (0, -1, -1, -2, -1, 2, -1, 2, 1, 3) x + 2 >= 0
An inequality (1, 2, 1, 3, 0, 0, -2, -2, -2, 0) x + 2 >= 0
An inequality (-1, 0, -1, 0, 0, 1, 0, 1, 1, 1) x + 0 >= 0
An inequality (1, 0, -1, -1, 0, 1, 0, -1, 1, 0) x + 2 >= 0
An inequality (0, 0, 0, -1, -1, 1, 1, 1, 1, 0) x + 1 >= 0
An inequality (-1, -1, -1, 0, -2, 2, 2, -2, 0, -2) x + 6 >= 0
An inequality (-1, 0, 0, 0, 0, 1, -1, 0, 1, 1) x + 1 >= 0
An inequality (0, -1, -1, -1, -1, 1, -1, 1, 0, 1) x + 3 >= 0
An inequality (0, -2, -1, -1, 0, 1, 2, -1, 1, 0) x + 3 >= 0
An inequality (1, 1, 2, 0, 0, -1, -2, 1, -3, -1) x + 3 >= 0
An inequality (-1, 0, -1, -3, -2, 1, 2, 1, 3, 2) x + 2 >= 0
An inequality (0, -2, -2, -3, -2, 1, 0, 1, 1, 2) x + 5 >= 0
An inequality (-2, -1, -1, 0, -1, 2, 1, 2, 1, 1) x + 2 >= 0
An inequality (1, -1, 0, -1, -1, 1, 2, -1, -1, 1) x + 3 >= 0
An inequality (-3, -1, 1, 0, -2, 4, 2, -6, -2, -4) x + 12 >= 0
An inequality (0, -1, -1, -2, -1, 1, 0, 1, 1, 2) x + 2 >= 0
An inequality (1, -1, -1, 0, 0, 1, 1, -1, 1, -1) x + 2 >= 0
An inequality (0, -1, -1, 0, -1, 0, 1, 1, 2, -1) x + 2 >= 0
An inequality (7, 2, 2, 4, 0, -5, -4, -1, -5, -3) x + 5 >= 0
An inequality (5, 4, 3, 3, 2, -4, -4, 0, -7, -6) x + 5 >= 0
An inequality (1, 0, 1, 1, 1, 0, 1, -2, -2, -2) x + 2 >= 0
An inequality (5, 1, 2, 3, 0, -4, -3, -1, -4, -2) x + 4 >= 0
An inequality (3, 2, 1, 1, 0, -2, -2, 0, -3, -2) x + 3 >= 0
An inequality (4, 3, 1, 2, 0, -3, -2, -1, -4, -3) x + 4 >= 0
An inequality (4, 2, 1, 2, 0, -3, -2, -1, -3, -2) x + 3 >= 0
An inequality (3, 1, 1, 2, 0, -2, -2, -1, -2, -1) x + 2 >= 0
An inequality (0, -1, -1, -2, -1, 0, 1, 1, 2, 1) x + 2 >= 0
An inequality (3, 2, 0, 2, 0, -2, -1, -1, -3, -2) x + 3 >= 0
An inequality (-1, -2, -2, 0, -3, 2, 3, 2, 3, -1) x + 4 >= 0
An inequality (0, -1, 0, -1, -2, 2, 2, 2, 2, 1) x + 1 >= 0
An inequality (0, 0, 1, 1, 1, -2, -1, 0, -1, 0) x + 2 >= 0
An inequality (0, 0, 0, 1, -1, -1, 1, 1, 1, -1) x + 2 >= 0
An inequality (3, 1, 1, 3, 0, -2, -2, -2, -2, -1) x + 2 >= 0
An inequality (3, 1, 0, 2, 0, -2, -1, -1, -2, -1) x + 2 >= 0
An inequality (0, 0, -1, -1, -1, 0, 1, 1, 1, 0) x + 2 >= 0
An inequality (0, -1, 1, 0, -2, 1, 2, -3, -2, -1) x + 6 >= 0
An inequality (4, 1, 1, 2, 0, -3, -2, -1, -3, -1) x + 3 >= 0
An inequality (1, 1, 0, 0, 1, 0, -1, -1, 0, -1) x + 1 >= 0
An inequality (-2, -2, -2, -1, -2, 1, 1, 1, 1, 1) x + 5 >= 0
An inequality (0, -1, 0, -1, 0, -1, 1, 1, 1, 0) x + 2 >= 0
An inequality (2, 3, 2, 1, 1, 0, -4, 1, -6, -3) x + 5 >= 0
An inequality (1, 0, 0, 0, 0, 0, -1, 1, -1, 0) x + 1 >= 0
An inequality (0, -1, 1, 0, 0, 1, 0, -1, 0, -1) x + 2 >= 0
An inequality (-1, -1, -1, -1, -2, 0, 2, 2, 2, -1) x + 4 >= 0
An inequality (3, 0, 1, 4, 0, -2, -2, -2, -3, -1) x + 3 >= 0
An inequality (-1, -1, 0, -1, -3, 4, 3, 4, 3, 2) x + 1 >= 0
An inequality (0, 0, 0, 0, 0, 0, 0, 0, 0, 1) x + 0 >= 0
An inequality (1, -1, -1, -1, 0, 1, 1, -1, 1, 0) x + 2 >= 0
An inequality (0, 0, 0, 0, 0, 1, 0, 0, 0, 0) x + 0 >= 0
An inequality (1, 0, -1, 0, 0, 1, 0, -1, 1, -1) x + 2 >= 0
An inequality (0, 1, 2, 2, 0, -1, -1, -2, -1, -1) x + 2 >= 0
An inequality (-2, -1, -1, -2, -5, 6, 5, 6, 5, 3) x + 2 >= 0
An inequality (-1, 0, 0, -1, -1, 1, 1, -1, 0, 0) x + 3 >= 0
An inequality (1, 2, 1, 0, 1, 0, -3, 1, -4, -2) x + 4 >= 0
An inequality (-1, 1, 1, 1, -1, 0, 1, 0, 0, -1) x + 2 >= 0
An inequality (-1, -2, 0, 0, -2, 2, -1, -2, 1, -1) x + 7 >= 0
An inequality (0, 0, -1, -1, -1, 1, 1, 1, 1, 1) x + 1 >= 0
An inequality (1, 1, 1, 1, 0, 0, -2, 1, -3, -2) x + 3 >= 0
An inequality (1, 1, 1, 0, -1, -1, 1, -2, -2, 0) x + 3 >= 0
An inequality (0, 0, -2, -2, -1, 2, 1, 1, 1, 2) x + 2 >= 0
An inequality (0, 1, 2, 2, 0, -2, -1, -1, -1, -1) x + 2 >= 0
An inequality (3, 1, 0, 3, 0, -2, -1, -2, -2, -1) x + 2 >= 0
An inequality (-2, -1, -1, -2, -3, -1, 3, 3, 2, -1) x + 7 >= 0
An inequality (5, 1, 1, 5, 0, -4, -2, -2, -4, -3) x + 4 >= 0
An inequality (0, 0, 0, -1, 0, 1, 0, 1, 1, 1) x + 0 >= 0
An inequality (0, 0, 2, 1, 1, -1, -1, -1, 0, -1) x + 1 >= 0
An inequality (1, 0, 4, 2, 2, 0, -1, -4, -3, -4) x + 4 >= 0
An inequality (1, 2, -2, 0, -1, 2, 1, -3, -1, -2) x + 6 >= 0
An inequality (1, 0, 1, 1, 0, -1, 0, 0, -1, -1) x + 1 >= 0
An inequality (1, -1, 0, 0, -1, 0, 2, -2, -2, 0) x + 4 >= 0
An inequality (1, -1, 0, 1, -1, 0, 1, 0, 0, -1) x + 2 >= 0
An inequality (0, 0, -1, -1, -2, 2, 2, 2, 2, 1) x + 1 >= 0
An inequality (2, 1, 1, 3, 0, -1, -2, -2, -2, -1) x + 2 >= 0
An inequality (-1, 0, 0, -1, -1, -1, 1, 1, 0, -1) x + 4 >= 0
An inequality (0, -2, -2, 1, -2, 1, -1, 1, 0, -1) x + 6 >= 0
An inequality (3, 0, 1, 3, 0, -2, -1, -2, -2, -1) x + 2 >= 0
An inequality (0, 1, 0, 1, 0, 1, -1, -1, 0, 1) x + 1 >= 0
An inequality (2, 0, 1, 2, 0, -1, 0, -1, -2, -2) x + 2 >= 0
An inequality (2, -1, 0, 2, -1, 0, 1, -1, -1, -2) x + 3 >= 0
An inequality (2, 1, 1, 1, 2, -1, -1, -1, -2, -2) x + 1 >= 0
An inequality (1, -2, 0, 2, 0, 0, 2, -3, -3, -1) x + 5 >= 0
An inequality (0, 1, 1, 1, 0, -1, 0, 0, -1, -1) x + 1 >= 0
An inequality (-1, -2, -3, 0, -4, 4, 4, -3, 1, -3) x + 10 >= 0
An inequality (0, 0, 0, 0, 1, -1, -1, 1, -1, 0) x + 2 >= 0
An inequality (-2, 0, 1, 0, 1, -2, -2, 1, 0, 1) x + 4 >= 0
An inequality (1, 0, 1, 0, 1, 0, 0, -1, -1, -1) x + 1 >= 0
An inequality (2, 1, 2, 1, 2, -1, 0, -2, -3, -3) x + 2 >= 0
An inequality (-1, 1, -2, 0, 0, 2, -1, 1, 1, 2) x + 1 >= 0
An inequality (-1, -2, -2, 0, -2, 2, -1, 2, -1, -1) x + 7 >= 0
An inequality (0, 0, 2, 2, 0, -1, -1, -1, 0, 0) x + 1 >= 0
An inequality (0, 0, 0, 1, -1, -1, 1, 0, -1, 1) x + 2 >= 0
An inequality (-1, 0, 0, -1, -1, 0, 1, 1, 1, 0) x + 2 >= 0
An inequality (-1, 0, -1, -1, -2, -1, 2, 1, 1, 0) x + 4 >= 0
An inequality (-2, 0, -2, 0, -1, 1, 1, 1, 2, 1) x + 2 >= 0
An inequality (-1, -1, -1, 0, -2, 1, 2, 1, 2, -1) x + 3 >= 0
An inequality (2, 2, 2, 1, 0, -3, -1, -1, -3, -1) x + 3 >= 0
An inequality (1, 1, 1, 1, -1, -2, 1, -2, -2, 0) x + 3 >= 0
An inequality (0, 1, 2, 3, 0, -1, -1, -2, -2, -1) x + 2 >= 0
An inequality (-1, 0, 0, 0, -1, 1, 1, -1, 0, -1) x + 3 >= 0
An inequality (-2, -3, -3, -2, -3, 1, 2, 1, 2, 1) x + 7 >= 0
An inequality (-2, 2, -2, 0, 0, 3, -2, 1, 1, 3) x + 2 >= 0
An inequality (-1, -1, -1, -2, -2, 2, 2, -2, 0, 0) x + 6 >= 0
An inequality (0, 1, 2, 1, 0, -1, -1, 0, -2, -1) x + 2 >= 0
An inequality (-1, 0, 1, 0, 1, -1, -1, 0, 0, 0) x + 2 >= 0
An inequality (0, -1, 0, 1, -1, -1, 1, -1, -1, 1) x + 3 >= 0
An inequality (0, -1, -1, -2, -1, 1, 1, 1, 2, 2) x + 1 >= 0
An inequality (1, 0, 1, 1, 0, 0, 0, -1, -1, -1) x + 1 >= 0
An inequality (2, 0, 0, 2, 0, -1, -1, 0, -2, -1) x + 2 >= 0
An inequality (2, 2, 2, 1, 1, -1, -3, 1, -5, -3) x + 4 >= 0
An inequality (1, -1, 0, 2, 0, 0, 1, -2, -1, -2) x + 3 >= 0
An inequality (0, -1, -1, -2, -1, 1, 1, 0, 1, 1) x + 2 >= 0
An inequality (1, 0, 0, 2, -1, 1, 1, -2, -1, -2) x + 3 >= 0
An inequality (1, 0, 3, 1, 2, 0, -1, -3, -2, -3) x + 3 >= 0
An inequality (1, -1, 0, -1, 0, 1, 1, -1, 0, 0) x + 2 >= 0
An inequality (-2, -1, -1, 0, -3, 4, 3, 4, 3, 1) x + 2 >= 0
An inequality (0, -1, 1, 0, -1, -1, -1, 1, 0, 0) x + 3 >= 0
An inequality (1, -1, -2, 0, -1, 2, -3, 2, -1, 1) x + 5 >= 0
An inequality (2, 1, 1, 5, 0, -1, -2, -2, -4, -3) x + 4 >= 0
An inequality (1, 0, 0, 0, 0, -1, -1, 1, 0, -1) x + 2 >= 0
An inequality (-1, -2, -3, -5, -4, 1, 4, 3, 5, 2) x + 6 >= 0
An inequality (3, 2, 1, 2, 1, -2, -1, -1, -3, -3) x + 2 >= 0
An inequality (2, 2, 1, 1, 1, 0, -3, 1, -4, -2) x + 3 >= 0
An inequality (-1, -2, -3, 0, -3, 2, 3, 2, 4, -1) x + 4 >= 0
An inequality (4, 1, 1, 4, 0, -4, -2, -1, -3, -3) x + 4 >= 0
An inequality (-1, -1, -2, 0, -1, 1, 0, 1, 1, 0) x + 3 >= 0
An inequality (1, 3, 1, 2, -1, -3, 1, -2, -5, -2) x + 6 >= 0
An inequality (0, 0, 4, 2, 1, -1, -2, -3, -1, -2) x + 3 >= 0
An inequality (-1, -2, -3, -3, -2, 1, 2, 1, 3, 2) x + 4 >= 0
An inequality (0, 2, 2, 3, 0, -1, -1, -2, -3, -2) x + 3 >= 0
An inequality (-1, 1, 0, 0, -1, -1, 1, 1, 0, -1) x + 3 >= 0
An inequality (0, 3, 3, 3, 0, -2, -1, -2, -4, -3) x + 4 >= 0
An inequality (3, 2, 3, 2, 2, -2, 0, -3, -5, -4) x + 3 >= 0
An inequality (1, 1, 1, 2, -1, -3, 1, -2, -3, 0) x + 4 >= 0
An inequality (1, -1, -1, 1, 0, 0, 1, -1, 0, -1) x + 2 >= 0
An inequality (0, -1, 0, 0, 1, -1, 1, 0, 0, -1) x + 2 >= 0
An inequality (1, 1, 0, 0, 1, 0, -2, 1, -2, -1) x + 2 >= 0
An inequality (-1, 1, -1, 0, -1, -1, 1, 1, 0, 0) x + 3 >= 0
An inequality (0, -1, 0, 0, 0, -1, 1, 1, 1, -1) x + 2 >= 0
An inequality (0, -1, -1, 0, -1, 2, -1, 2, 1, 1) x + 2 >= 0
An inequality (0, -1, -1, 0, 0, 0, 1, 0, 1, 0) x + 1 >= 0
An inequality (0, -1, 0, -1, -2, 1, 2, -1, -1, 1) x + 4 >= 0
An inequality (0, 0, 0, 1, 0, 0, 0, 0, 0, 0) x + 0 >= 0
An inequality (2, 2, 2, 4, 0, -1, -3, -3, -3, -1) x + 3 >= 0
An inequality (-2, -1, -1, 0, -1, 0, -1, 1, 2, 1) x + 4 >= 0
An inequality (-2, -1, -1, -1, -1, 2, 1, 1, 0, 2) x + 3 >= 0
An inequality (0, -1, 1, 0, -1, 0, -1, 1, 1, 1) x + 2 >= 0
An inequality (0, 0, -1, 0, 0, 1, -1, 1, 0, 1) x + 1 >= 0
An inequality (1, 0, 3, 3, 0, 0, -1, -4, -2, -3) x + 4 >= 0
An inequality (0, -2, 1, 0, -2, 1, -1, 1, 2, 2) x + 3 >= 0
An inequality (0, 0, -1, -1, 0, 1, 0, 1, 0, 1) x + 1 >= 0
An inequality (1, 1, 1, 2, 0, 0, -2, -2, -1, 0) x + 2 >= 0
An inequality (2, 0, 0, 2, 0, -1, 0, -1, -1, -1) x + 1 >= 0
An inequality (-1, -2, -3, -5, -4, 3, 4, -3, 1, 2) x + 10 >= 0
An inequality (0, 0, 1, 0, 0, 0, 0, 0, 0, 0) x + 0 >= 0
An inequality (0, -1, 0, 0, 0, 1, 1, -1, 0, -1) x + 2 >= 0
An inequality (1, 1, 1, 0, 0, 0, -2, 1, -2, 0) x + 2 >= 0
An inequality (-1, -2, 0, 1, -1, 0, 2, -1, -2, 1) x + 5 >= 0
An inequality (0, 1, 1, 0, 1, -1, -1, 0, 0, -1) x + 1 >= 0
An inequality (1, 0, -1, 0, 0, -1, 0, 1, 1, -1) x + 2 >= 0
An inequality (0, 0, 1, 1, 0, -1, 0, 0, 0, -1) x + 1 >= 0
An inequality (0, -2, -1, 0, -1, 2, 4, -3, -1, -2) x + 6 >= 0
An inequality (1, -1, 0, 0, 0, 0, 1, -1, -1, 0) x + 2 >= 0
An inequality (-2, -1, -3, 0, -1, 1, 1, 1, 2, 1) x + 3 >= 0
An inequality (0, -1, 0, 1, 0, 0, 1, -1, -1, 0) x + 2 >= 0
An inequality (1, 0, 0, 1, 0, -1, 0, 0, 0, -1) x + 1 >= 0
An inequality (0, -1, -1, 0, -1, 1, 2, -1, 0, -1) x + 3 >= 0
An inequality (0, -1, 0, -1, 0, 0, 1, 1, 1, 1) x + 1 >= 0
An inequality (-1, 0, 2, 0, 0, -2, -1, 1, 0, -1) x + 3 >= 0
An inequality (-3, 0, -3, -1, -2, -1, 2, 1, 1, 2) x + 6 >= 0
An inequality (0, 1, 0, 1, -1, -1, 1, 0, -1, 0) x + 2 >= 0
An inequality (-1, 0, 0, -1, -2, 1, 2, 1, 2, 0) x + 2 >= 0
An inequality (0, -1, -1, 1, -1, 1, 0, 0, 0, -1) x + 3 >= 0
An inequality (1, 0, 0, 0, 1, 0, 0, -1, 0, -1) x + 1 >= 0
An inequality (0, -2, -2, -3, -2, 1, 2, 1, 3, 2) x + 3 >= 0
An inequality (1, 1, 1, 0, 0, -1, 0, -1, -1, 0) x + 1 >= 0
An inequality (0, -2, 0, 1, -1, -1, 2, -2, -2, 1) x + 5 >= 0
An inequality (1, 1, 1, 2, 0, 0, -2, -1, -2, -1) x + 2 >= 0
An inequality (1, -2, -1, -2, 0, 2, 2, -2, 1, 0) x + 4 >= 0
An inequality (1, 1, 0, 1, 0, -1, 0, 0, -1, -1) x + 1 >= 0
An inequality (-1, 1, -1, 0, 0, 1, -1, 0, 0, 1) x + 2 >= 0
An inequality (-1, -2, -3, 0, -2, 3, -2, 3, -1, -1) x + 8 >= 0
An inequality (1, 0, -1, -1, 0, -1, 0, 1, 1, 0) x + 2 >= 0
An inequality (-2, 0, 0, 0, 0, 1, -1, 1, 2, 2) x + 1 >= 0
An inequality (0, 0, -1, 0, -1, 1, 1, -1, 0, -1) x + 3 >= 0
An inequality (0, 1, 0, 0, 0, 1, -2, 1, -2, -1) x + 3 >= 0
An inequality (-1, -2, -3, 0, -2, 2, 0, 1, 1, -1) x + 6 >= 0
An inequality (-1, 1, -1, 0, 0, 1, -1, 0, -1, 0) x + 3 >= 0
An inequality (2, 2, 2, 0, 0, -1, -1, -1, -2, -1) x + 2 >= 0
An inequality (-1, -2, -1, -1, 0, -1, 2, 1, 1, 0) x + 4 >= 0
An inequality (-3, -2, -1, 0, -1, 2, 2, 1, -1, 2) x + 5 >= 0
An inequality (-1, 0, 0, -2, -3, 2, 3, 2, 3, 1) x + 2 >= 0
An inequality (0, 1, -1, 0, 0, 1, -1, 0, 1, 1) x + 1 >= 0
An inequality (1, 1, 3, 3, 0, -2, -2, -2, -2, -1) x + 2 >= 0
An inequality (0, -1, -1, 1, -2, 2, 2, -2, 0, -2) x + 5 >= 0
An inequality (0, 0, 1, -1, 1, 1, -1, 1, 0, 0) x + 1 >= 0
An inequality (1, 1, 1, 2, 0, 0, 0, -2, -2, -2) x + 2 >= 0
An inequality (-2, -2, -1, 0, -1, 1, 2, 0, -1, 1) x + 5 >= 0
An inequality (0, 1, 1, 0, 1, 0, -1, -1, 0, -1) x + 1 >= 0
An inequality (0, -1, 0, -1, -1, 1, 0, 1, 0, 1) x + 2 >= 0
An inequality (2, 3, 2, 3, 0, -1, -1, -4, -4, -3) x + 4 >= 0
An inequality (1, 1, 0, 1, 0, -1, -1, 0, 0, 0) x + 1 >= 0
An inequality (2, 1, 1, 1, 2, -1, -2, 0, -3, -2) x + 2 >= 0
An inequality (-2, 0, 0, -1, -2, -1, 2, 2, 1, -1) x + 5 >= 0
An inequality (1, -1, -2, 0, -1, 2, 4, -3, -1, -2) x + 6 >= 0
An inequality (1, -1, 0, -1, -2, 1, 3, -2, -2, 1) x + 5 >= 0
An inequality (-1, 0, 0, -2, -2, 1, 2, 1, 2, 1) x + 2 >= 0
An inequality (0, -1, -1, -2, -1, 2, 1, 2, 3, 3) x + 0 >= 0
An inequality (1, 0, 1, 0, 2, 0, 0, -2, -1, -2) x + 2 >= 0
An inequality (-1, -2, 1, -1, 0, -3, 2, 3, 1, -2) x + 6 >= 0
An inequality (2, 1, 0, 1, 0, -1, -1, 0, -1, 0) x + 1 >= 0
An inequality (-1, 0, 1, -1, 0, 1, 0, -1, 1, 0) x + 2 >= 0
An inequality (2, 1, 2, 1, 1, -2, 0, -2, -3, -1) x + 2 >= 0
An inequality (-3, -2, -2, -1, -2, 2, 1, 2, 1, 2) x + 5 >= 0
An inequality (-1, 0, 0, -2, -1, 1, 1, 0, 1, 1) x + 2 >= 0
An inequality (-1, -1, 0, 1, 0, 1, 1, 0, -1, 1) x + 2 >= 0
An inequality (0, -1, 0, -1, -1, 1, 1, 0, 0, 1) x + 2 >= 0
An inequality (0, 0, 3, 2, 1, -1, -1, -2, -1, -2) x + 2 >= 0
An inequality (2, 2, 0, 0, 2, -1, -1, -1, -2, -3) x + 3 >= 0
An inequality (2, 2, 2, 1, 1, -1, -1, -1, -3, -3) x + 2 >= 0
An inequality (0, 0, 3, 2, 1, -2, -1, -1, -1, -2) x + 2 >= 0
An inequality (-1, -2, 0, -2, -2, 3, 1, 2, 1, 3) x + 3 >= 0
An inequality (1, 0, -1, 0, 0, 1, 1, -1, 0, -1) x + 2 >= 0
An inequality (2, 1, 2, 1, 3, -1, 0, -3, -3, -4) x + 3 >= 0
An inequality (-1, 0, 0, -2, -2, 1, 2, -1, 0, 1) x + 4 >= 0
An inequality (2, 2, 1, 1, 1, -1, -1, -1, -2, -2) x + 1 >= 0
An inequality (0, 0, 0, 0, 0, 0, 0, 1, 0, 0) x + 0 >= 0
An inequality (-1, 0, 0, 0, -1, 1, 1, 0, 1, -1) x + 2 >= 0
An inequality (-1, 0, 1, 0, 0, -1, -1, 1, 0, 0) x + 2 >= 0
An inequality (-1, -1, 0, -1, -1, 2, 1, 1, 0, 2) x + 2 >= 0
An inequality (0, -1, -1, -2, -3, 2, 3, 2, 3, 1) x + 2 >= 0
An inequality (1, 0, 1, 1, 0, -1, 1, -2, -2, 0) x + 2 >= 0
An inequality (-1, 0, 0, -1, -1, 1, 1, 0, 0, 1) x + 2 >= 0
An inequality (1, 0, 0, 1, 0, 0, -1, 0, -1, 0) x + 1 >= 0
An inequality (0, 1, 0, 1, 0, -1, -1, 1, 1, 1) x + 1 >= 0
An inequality (0, -3, -1, 1, -1, 1, 3, -3, -2, -1) x + 7 >= 0
An inequality (0, 0, 1, 1, 0, 0, -1, -1, 0, 0) x + 1 >= 0
An inequality (0, -2, -2, 0, -2, 1, -1, 2, 0, -1) x + 6 >= 0
An inequality (-1, 0, 0, 0, 1, -1, -1, 1, 0, 1) x + 2 >= 0
An inequality (0, 1, -1, 0, 0, 0, -1, 1, 1, 1) x + 1 >= 0
An inequality (-1, -2, -2, -1, -4, 1, 4, 3, 4, -2) x + 6 >= 0
An inequality (0, 0, -1, 0, -1, 0, 1, 1, 1, -1) x + 2 >= 0
An inequality (0, -1, -1, -1, -2, 1, 2, 1, 2, 0) x + 2 >= 0
An inequality (-1, 0, -1, -1, -2, 3, 2, 3, 3, 2) x + 0 >= 0
An inequality (0, 1, -2, 0, 0, 1, -1, 1, 1, 2) x + 1 >= 0
An inequality (-1, -4, -4, -1, -6, 3, 6, 3, 6, -2) x + 8 >= 0
An inequality (0, -1, 0, -1, -1, 0, -1, 1, 0, 1) x + 3 >= 0
An inequality (0, 0, 0, 0, 1, 0, 0, 0, 0, 0) x + 0 >= 0
An inequality (0, 0, 0, -1, -1, 0, 1, 0, 1, 1) x + 1 >= 0
An inequality (0, 0, 2, 1, 1, 0, 0, -2, -1, -2) x + 2 >= 0
An inequality (2, 1, 0, 1, 0, 0, -1, -2, 0, -1) x + 2 >= 0
An inequality (1, 0, 1, 1, 0, 0, 1, -2, -2, -1) x + 2 >= 0
An inequality (2, 1, 1, 1, 2, -1, 0, -2, -2, -3) x + 2 >= 0
An inequality (0, -2, 0, -2, -2, 2, 1, 1, 1, 2) x + 3 >= 0
An inequality (0, -1, 1, 2, 0, -1, 1, -1, 0, -1) x + 2 >= 0
An inequality (-1, -2, -3, -1, -4, 3, 4, -3, 1, -2) x + 10 >= 0
An inequality (2, 1, 2, 2, 1, -1, 1, -3, -4, -3) x + 3 >= 0
An inequality (0, -2, -1, 0, -1, 1, 3, -2, -1, -1) x + 5 >= 0
An inequality (-3, -2, -2, -2, -2, 3, 1, 2, 1, 3) x + 5 >= 0
An inequality (-1, -1, 0, -1, -1, -1, 1, 2, 1, -1) x + 4 >= 0
An inequality (-1, -1, 0, 0, 0, 1, 1, 1, 0, 1) x + 1 >= 0
An inequality (0, 0, 0, 0, -1, 1, 1, 1, 1, 1) x + 0 >= 0
An inequality (-2, -2, 0, 1, -1, 1, 2, 0, -2, 2) x + 5 >= 0
An inequality (-2, -1, -1, -1, -1, 2, 1, 2, 1, 2) x + 2 >= 0
An inequality (0, 1, 0, 0, 0, 0, 0, 0, 0, 0) x + 0 >= 0
An inequality (1, 0, 3, 3, 0, -2, -1, -2, -2, -1) x + 2 >= 0
An inequality (-1, 0, 2, 0, 0, 1, -1, -2, 1, -1) x + 3 >= 0
An inequality (0, 1, 0, 1, -1, -1, 1, 1, 0, -1) x + 2 >= 0
An inequality (0, 1, 3, 3, 0, -1, -1, -3, -2, -2) x + 3 >= 0
An inequality (2, 1, -1, 0, 1, -2, -1, 1, 0, -2) x + 3 >= 0
An inequality (0, 0, 0, -1, -1, 0, 1, -1, 0, 1) x + 2 >= 0
An inequality (-1, 0, -1, -1, -1, 0, 1, 0, 1, 1) x + 2 >= 0
An inequality (-2, -1, -2, 0, -1, 1, 0, 1, 2, 1) x + 3 >= 0
An inequality (-1, -2, -3, -1, -2, 1, 2, 1, 3, 0) x + 4 >= 0
An inequality (1, 0, 2, 1, 2, -3, 0, 0, -2, -3) x + 3 >= 0
An inequality (1, 0, 1, 0, 1, -1, 0, 0, -1, -1) x + 1 >= 0
An inequality (1, 0, 1, 2, 0, 0, 0, -2, -1, -2) x + 2 >= 0
An inequality (-1, -1, -1, -1, -1, 1, 0, 1, 0, 1) x + 3 >= 0
An inequality (-1, 0, 3, 0, 1, 1, -1, -2, 0, -2) x + 3 >= 0
An inequality (1, 0, 0, 0, 0, 0, 0, 0, 0, 0) x + 0 >= 0
An inequality (2, -1, -1, 0, -1, 2, -3, 2, -1, 1) x + 4 >= 0
An inequality (1, 0, 1, 0, 2, -2, 0, 0, -1, -2) x + 2 >= 0
An inequality (-1, -1, 0, 0, -1, 3, 1, 3, 2, 2) x + 0 >= 0
An inequality (-3, -2, -3, -1, -2, 1, 0, 1, 3, 2) x + 6 >= 0
An inequality (1, 1, -1, 0, 0, -1, 0, 1, 0, -1) x + 2 >= 0
An inequality (0, 0, -1, -1, -1, 1, 1, -1, 0, 0) x + 3 >= 0
An inequality (0, -1, 0, -1, -1, 2, 1, 2, 2, 2) x + 0 >= 0
An inequality (0, -1, -1, -1, -1, 1, 2, -1, 0, 0) x + 3 >= 0
An inequality (-1, 0, -1, -3, -2, 1, 2, -1, 1, 2) x + 4 >= 0
An inequality (1, -1, 0, 1, 0, 0, 2, -2, -2, -1) x + 3 >= 0
An inequality (-1, -1, 0, 1, -1, 0, -1, 0, 1, 1) x + 3 >= 0
An inequality (1, 1, 1, 0, 0, 0, 0, 0, -1, -1) x + 1 >= 0
An inequality (0, -1, -1, -1, 0, 1, 1, 1, 2, 2) x + 0 >= 0
An inequality (2, 1, 2, 1, 1, -2, -1, -1, -2, -1) x + 1 >= 0
An inequality (0, -1, 0, -1, 0, 1, 1, -1, 1, 0) x + 2 >= 0
An inequality (1, 0, 0, 1, 0, 0, 0, 0, -1, -1) x + 1 >= 0
An inequality (-3, -2, -2, 0, -2, 2, 1, 2, 1, 1) x + 5 >= 0
An inequality (-1, -2, -2, -2, -2, 2, -1, 2, -1, 1) x + 7 >= 0
An inequality (1, -2, 1, 0, -2, 1, -1, 1, 1, 2) x + 3 >= 0
An inequality (-1, 0, 1, -1, 0, -1, 0, 1, 1, 0) x + 2 >= 0
An inequality (1, 0, 0, 0, -1, 0, 1, -1, -1, 0) x + 2 >= 0
An inequality (0, 0, -1, -1, 0, 1, -1, 2, -1, 1) x + 2 >= 0
An inequality (-1, -2, -3, 0, -2, 2, -1, 2, 0, -1) x + 7 >= 0
An inequality (-1, 0, -1, 0, -2, 0, 2, 2, 2, -1) x + 3 >= 0
An inequality (0, -1, -1, 0, -1, 1, -1, 2, -1, -1) x + 4 >= 0
An inequality (1, 2, 2, 4, 0, 0, -3, -2, -5, -3) x + 5 >= 0
An inequality (2, 1, 0, 2, 0, -1, -1, -2, -1, -1) x + 2 >= 0
An inequality (1, 1, 1, 0, 0, 0, -1, 0, -1, 0) x + 1 >= 0
An inequality (1, 1, 0, 0, 1, 0, 0, -1, -1, -2) x + 2 >= 0
An inequality (1, 0, 2, 1, 1, 0, 0, -2, -2, -2) x + 2 >= 0
An inequality (-2, -1, 1, 0, -1, 3, 1, -4, -1, -3) x + 8 >= 0
An inequality (0, 0, -1, 0, -1, 1, 1, 1, 1, 0) x + 1 >= 0
An inequality (0, 0, 0, 0, 0, 0, 1, 0, 0, 0) x + 0 >= 0
An inequality (-2, -1, -1, 0, 0, 2, 1, 1, 0, 2) x + 2 >= 0
An inequality (-1, 0, 1, 0, 1, 0, -1, 0, 1, 0) x + 1 >= 0
An inequality (3, 0, 3, 5, 0, -2, -1, -4, -4, -3) x + 4 >= 0
An inequality (-1, 0, -1, 0, -1, 2, 1, 2, 2, 1) x + 0 >= 0
An inequality (2, 1, 1, 2, 0, -1, -2, -2, -1, -1) x + 2 >= 0
An inequality (1, 0, 1, 0, 1, 0, -1, -1, 0, -2) x + 2 >= 0
An inequality (-1, 0, 0, -1, -2, 2, 2, 2, 2, 1) x + 1 >= 0
An inequality (0, 0, 1, 0, 1, 0, -1, 0, 0, -1) x + 1 >= 0
An inequality (-1, 0, -1, 0, -1, 0, 1, 1, 0, 1) x + 2 >= 0
An inequality (-1, -2, -2, -1, -2, 1, 2, 1, 2, 0) x + 4 >= 0
An inequality (0, 1, 1, 1, 0, 0, -1, 0, -2, -1) x + 2 >= 0
An inequality (1, 0, 1, 1, 0, 0, -1, -2, 0, -1) x + 2 >= 0
An inequality (-1, -1, 0, -1, -1, 3, 1, 3, 2, 3) x + 0 >= 0
An inequality (1, 1, -1, 0, 0, 0, -1, 1, 0, 1) x + 1 >= 0
An inequality (1, -1, 0, 0, 0, 1, 0, -1, 1, -1) x + 2 >= 0
An inequality (0, 1, 2, 2, 0, -1, -1, -1, -1, 0) x + 1 >= 0
An inequality (-2, 1, 0, 0, 0, 1, -1, 1, 1, 2) x + 1 >= 0
An inequality (-1, 0, 2, 0, 1, 0, -1, -1, 0, -1) x + 2 >= 0
An inequality (2, 1, 1, 1, 1, -1, -2, 1, -3, -2) x + 2 >= 0
An inequality (1, 0, -1, 1, -1, 0, 1, 0, 0, -1) x + 2 >= 0
An inequality (-1, -2, -3, -3, -2, 3, -2, 3, -1, 2) x + 8 >= 0
An inequality (0, 0, 1, 0, 1, 0, 0, -1, 0, -1) x + 1 >= 0
An inequality (0, 0, 5, 3, 1, -1, -2, -4, -2, -3) x + 4 >= 0
An inequality (0, -1, -1, -2, -3, 4, 3, 4, 5, 3) x + 0 >= 0
An inequality (-1, 1, -1, 0, -1, -1, 1, 0, -1, 0) x + 4 >= 0
An inequality (-1, -1, 0, 0, -1, 2, 1, 2, 1, 1) x + 1 >= 0
An inequality (2, 1, 0, 3, 0, -1, -1, -2, -2, -1) x + 2 >= 0
An inequality (-1, 0, 2, 0, 1, -1, -1, 0, 0, -1) x + 2 >= 0
An inequality (1, 0, 1, 0, 1, 0, -1, 0, -1, -1) x + 1 >= 0
An inequality (1, 0, 0, 1, 0, 0, 1, -1, -1, -1) x + 1 >= 0
An inequality (0, 0, 0, 1, -1, -2, 1, -1, -1, 1) x + 3 >= 0
An inequality (0, 1, 0, -1, 0, 1, -2, 2, -1, 1) x + 2 >= 0
An inequality (2, 2, 2, 0, 0, -1, -1, -1, -3, -2) x + 3 >= 0
An inequality (-2, 0, 0, -2, -1, 2, 1, 1, 1, 2) x + 2 >= 0
An inequality (0, 1, 1, 0, 0, 0, -1, 1, -1, 0) x + 1 >= 0
An inequality (2, 0, 1, 3, 0, -1, 0, -2, -2, -2) x + 2 >= 0
An inequality (1, -1, 0, 0, -1, 1, -1, 1, 0, 1) x + 2 >= 0
An inequality (0, 1, 2, 1, 0, -1, -1, 0, -1, 0) x + 1 >= 0
An inequality (0, -1, -1, -2, -2, 1, 2, 1, 2, 1) x + 2 >= 0
An inequality (-1, 1, 1, 0, 0, 0, -1, 1, 0, 1) x + 1 >= 0
An inequality (0, -1, -1, 0, -1, 2, 1, 2, 3, 1) x + 0 >= 0
An inequality (1, 3, 1, 2, -1, -3, 1, 0, -3, -2) x + 4 >= 0
An inequality (0, 1, 0, 0, 0, 1, -1, 1, -1, 0) x + 1 >= 0
An inequality (0, 2, 0, 1, -1, -2, 1, 1, -1, -1) x + 3 >= 0
An inequality (1, 1, 0, 2, 0, 0, -1, -1, -2, -1) x + 2 >= 0
An inequality (1, 0, 3, 2, 2, 0, 0, -4, -3, -4) x + 4 >= 0
An inequality (4, 6, 4, 2, 2, -3, -3, -3, -7, -6) x + 5 >= 0
An inequality (-1, 0, 1, 0, 0, 1, 0, -1, 0, -1) x + 2 >= 0
An inequality (0, 0, 3, 1, 2, -1, -1, -2, -1, -2) x + 2 >= 0
An inequality (-1, -1, 1, 0, -1, 2, 0, -2, 0, -2) x + 5 >= 0
An inequality (0, 0, 4, 3, 1, -2, -1, -2, -1, -2) x + 2 >= 0
An inequality (2, 1, 1, 1, 1, -1, -1, 0, -2, -2) x + 1 >= 0
An inequality (0, 2, 1, 0, 1, 0, -2, 1, -2, -1) x + 2 >= 0
An inequality (-1, 1, 0, -1, 0, 1, -1, 2, -1, 1) x + 2 >= 0
An inequality (0, -1, -1, -1, 0, 0, 1, 1, 2, 1) x + 1 >= 0
An inequality (0, 1, 1, 0, 1, 0, -1, 0, -1, -1) x + 1 >= 0
An inequality (-1, -1, 0, -1, -3, 5, 3, 5, 4, 3) x + 0 >= 0
An inequality (0, 0, -1, -1, -1, 1, 1, 0, 0, 1) x + 2 >= 0
An inequality (-2, -1, -1, 0, -1, 1, -1, 1, 2, 2) x + 3 >= 0
An inequality (1, -3, -2, 0, -1, 3, 7, -6, -2, -3) x + 10 >= 0
An inequality (0, -1, 0, 0, -1, 2, 1, 2, 2, 1) x + 0 >= 0
An inequality (0, -1, 0, -1, -2, 3, 2, 3, 3, 2) x + 0 >= 0
An inequality (3, 1, 1, 5, 1, -2, -2, -2, -4, -3) x + 3 >= 0
An inequality (-2, -1, -1, 0, -1, 1, 1, 1, 0, 1) x + 3 >= 0
An inequality (0, 2, 3, 2, 0, -2, -1, -1, -3, -2) x + 3 >= 0
An inequality (1, 1, 0, 1, 0, 1, -2, 1, -3, -1) x + 3 >= 0
An inequality (1, 1, 1, 3, 0, 0, -2, -1, -3, -2) x + 3 >= 0
An inequality (1, 2, 2, 1, 1, -1, -2, 0, -3, -2) x + 2 >= 0
An inequality (1, -1, 0, 1, 0, 1, 3, -3, -2, -2) x + 4 >= 0
An inequality (-3, -2, -2, 0, -2, 1, -1, 1, 3, 2) x + 6 >= 0
An inequality (1, 1, 0, 1, 0, 0, -1, -1, 0, 0) x + 1 >= 0
An inequality (4, 3, 0, 4, 0, -3, -1, -2, -5, -4) x + 5 >= 0
An inequality (5, 7, 9, 5, 4, -6, -8, -2, -13, -10) x + 9 >= 0
An inequality (0, 2, 3, 0, 3, -1, -3, -1, -3, -4) x + 4 >= 0
An inequality (0, 4, 3, 0, 3, -2, -6, 1, -6, -5) x + 8 >= 0
An inequality (-1, 1, 4, 0, 0, -3, -4, 1, -3, -2) x + 7 >= 0
An inequality (0, 1, 3, 0, 0, -2, -3, 1, -3, -2) x + 5 >= 0
An inequality (1, 0, 1, 1, 1, -1, 0, -1, -2, -2) x + 2 >= 0
An inequality (2, 1, 2, 3, 1, -2, 0, -3, -4, -3) x + 3 >= 0
An inequality (-1, 0, 3, 0, 1, -2, -2, 0, -1, -2) x + 4 >= 0
An inequality (0, 0, 4, 2, 1, -1, -2, -3, -2, -3) x + 4 >= 0
An inequality (-1, 0, 4, 0, 2, -1, -3, -2, -1, -3) x + 5 >= 0
An inequality (-1, 0, -1, -1, 0, -1, 2, -1, -1, -2) x + 6 >= 0
An inequality (0, 0, 0, 0, 1, -1, 1, -1, -1, -2) x + 3 >= 0
An inequality (0, 0, 2, 0, 2, -1, 0, -1, -2, -3) x + 3 >= 0
An inequality (1, 1, 1, 0, 3, -2, 0, -2, -2, -4) x + 4 >= 0
An inequality (-1, -1, 0, -1, 0, -1, 2, -1, -2, -1) x + 6 >= 0
An inequality (0, 0, 1, 0, 2, -2, 1, -1, -2, -3) x + 4 >= 0
An inequality (0, 0, 1, 0, 0, -1, 0, 0, -1, -1) x + 2 >= 0
An inequality (-1, 0, 0, -1, 0, -1, 1, 0, -1, -1) x + 4 >= 0
An inequality (1, 1, 1, 0, 2, -2, 0, -1, -2, -3) x + 3 >= 0
An inequality (0, 0, 1, 0, 0, -1, 1, -1, -2, -1) x + 3 >= 0
An inequality (1, 0, 2, 1, 2, -2, 0, -1, -3, -3) x + 3 >= 0
An inequality (1, 0, 3, 1, 3, -2, 0, -2, -4, -4) x + 4 >= 0
An inequality (1, 1, 1, 1, 1, -2, 0, -1, -2, -2) x + 2 >= 0
An inequality (1, 1, 2, 2, 1, -2, 0, -2, -3, -2) x + 2 >= 0
An inequality (1, 0, 2, 1, 1, -2, 1, -2, -4, -2) x + 4 >= 0
An inequality (1, 0, 2, 1, 2, -2, 1, -2, -4, -3) x + 4 >= 0
An inequality (0, 0, 1, 0, 1, -1, 1, -1, -2, -2) x + 3 >= 0
An inequality (3, 2, 3, 3, 2, -4, 0, -3, -6, -4) x + 4 >= 0
An inequality (2, 2, 2, 2, 1, -3, 0, -2, -4, -3) x + 3 >= 0
An inequality (-1, -1, -1, -1, -1, 0, 2, -1, -1, 0) x + 5 >= 0
An inequality (2, 1, 2, 2, 1, -3, 0, -2, -4, -2) x + 3 >= 0
An inequality (1, 1, 2, 1, -1, -2, 2, -3, -5, -2) x + 6 >= 0
An inequality (2, 1, 3, 2, 1, -3, -1, -1, -4, -3) x + 3 >= 0
An inequality (3, 2, 4, 3, 2, -4, 1, -4, -8, -5) x + 6 >= 0
An inequality (2, 1, 3, 2, 2, -3, -1, -1, -4, -4) x + 3 >= 0
An inequality (0, 0, 1, 0, -1, -1, 2, -2, -3, -1) x + 5 >= 0
An inequality (1, 1, 2, 1, 0, -2, 0, -1, -3, -2) x + 3 >= 0
An inequality (2, 2, 3, 2, 1, -3, 0, -2, -5, -4) x + 4 >= 0
An inequality (2, 2, 3, 2, 1, -3, 1, -3, -6, -4) x + 5 >= 0
An inequality (3, 2, 4, 3, 2, -4, -1, -2, -6, -5) x + 4 >= 0
An inequality (-1, 0, 0, -1, -2, -1, 3, -2, -3, -1) x + 8 >= 0
An inequality (1, 1, 2, 1, 0, -2, 1, -2, -4, -2) x + 4 >= 0
An inequality (2, 1, 3, 2, 1, -3, 1, -3, -6, -3) x + 5 >= 0
An inequality (3, 2, 3, 3, 2, -4, -1, -2, -5, -4) x + 3 >= 0
An inequality (0, 1, 1, 2, 0, 0, -2, -1, -3, -2) x + 4 >= 0
An inequality (2, 3, 4, 6, 1, -2, -4, -4, -7, -5) x + 6 >= 0
An inequality (1, 2, 2, 3, 0, -1, -2, -2, -4, -3) x + 4 >= 0
An inequality (-1, -1, -1, -1, -1, 1, -1, 1, -1, 0) x + 5 >= 0
An inequality (3, 1, 3, 0, 5, -5, -2, -1, -4, -6) x + 6 >= 0
An inequality (2, 1, 2, 0, 4, -4, -1, -1, -3, -5) x + 5 >= 0
An inequality (3, 1, 3, 1, 4, -4, -2, -1, -4, -5) x + 4 >= 0
An inequality (1, 0, 2, 0, 1, -1, -2, -1, -1, -2) x + 3 >= 0
An inequality (1, 0, 1, 0, 0, -1, -1, 0, -1, -1) x + 2 >= 0
An inequality (3, 1, 3, 2, 1, -3, -2, -1, -4, -3) x + 3 >= 0
An inequality (4, 1, 4, 2, 3, -4, -3, -1, -5, -5) x + 4 >= 0
An inequality (4, 1, 4, 2, 2, -4, -3, -1, -5, -4) x + 4 >= 0
An inequality (3, 0, 4, 1, 4, -4, -2, -1, -5, -5) x + 5 >= 0
An inequality (3, 1, 3, 2, 2, -4, -2, -1, -4, -3) x + 3 >= 0
An inequality (-3, 0, -3, -3, -2, -1, 2, -1, 1, 0) x + 10 >= 0
An inequality (-1, 0, -1, -1, -1, 0, 1, -1, 0, 0) x + 4 >= 0
An inequality (-1, 2, -1, -1, 0, -1, 0, -1, -1, -2) x + 6 >= 0
An inequality (0, 2, 2, 0, 2, -1, -2, -1, -2, -3) x + 3 >= 0
An inequality (1, 4, 1, 0, 3, -2, -3, -2, -2, -4) x + 4 >= 0
An inequality (0, 2, 0, 0, 1, -1, -1, -1, -1, -2) x + 3 >= 0
An inequality (1, 2, 1, 0, 1, -2, -2, 0, -2, -2) x + 3 >= 0
An inequality (1, 3, 1, 0, 2, -2, -2, -1, -2, -3) x + 3 >= 0
An inequality (0, 1, 1, 0, 0, -1, -1, 0, -1, -1) x + 2 >= 0
An inequality (0, 4, 2, 0, 2, -2, -3, -1, -3, -4) x + 5 >= 0
An inequality (0, 2, 1, 0, 1, -1, -2, 0, -2, -2) x + 3 >= 0
An inequality (1, 2, 2, 1, 0, -2, -1, -1, -3, -2) x + 3 >= 0
An inequality (1, 5, 2, 0, 2, -3, -3, -1, -4, -5) x + 6 >= 0
An inequality (2, 5, 1, 0, 2, -3, -3, -1, -4, -5) x + 6 >= 0
An inequality (1, 3, 1, 0, 1, -2, -2, 0, -3, -3) x + 4 >= 0
An inequality (3, 5, 5, 3, 2, -4, -4, -2, -7, -6) x + 5 >= 0
An inequality (2, 4, 3, 2, 1, -3, -2, -2, -5, -4) x + 4 >= 0
An inequality (0, 3, 1, 0, 1, -1, -2, -1, -2, -3) x + 4 >= 0
An inequality (1, 3, 2, 1, 1, -2, -2, -1, -3, -3) x + 3 >= 0
An inequality (3, 6, 6, 4, 2, -5, -4, -3, -8, -7) x + 6 >= 0
An inequality (1, 6, 1, 0, 1, -2, -3, -2, -4, -6) x + 8 >= 0
An inequality (0, 3, 0, 0, 0, -1, -1, -1, -2, -3) x + 5 >= 0
An inequality (1, 4, 1, 0, 1, -2, -2, -1, -3, -4) x + 5 >= 0
An inequality (-1, -1, 2, -1, -1, -3, -1, 2, -1, -3) x + 8 >= 0
An inequality (0, 0, 2, 0, 3, -1, -1, -1, -2, -3) x + 3 >= 0
An inequality (1, 0, 3, 0, 4, -2, -2, -1, -3, -4) x + 4 >= 0
An inequality (1, 1, 1, 0, 3, -2, -1, -1, -2, -3) x + 3 >= 0
An inequality (1, 0, 2, 1, 3, -2, -1, -1, -3, -3) x + 3 >= 0
An inequality (1, 0, 3, 1, 4, -2, -1, -2, -4, -4) x + 4 >= 0
An inequality (2, 0, 3, 1, 4, -3, -2, -1, -4, -4) x + 4 >= 0
An inequality (0, -1, 1, -1, -1, -1, -2, 1, -1, 0) x + 5 >= 0
An inequality (-1, 0, 2, 0, 0, -2, -2, 1, -1, -1) x + 4 >= 0
An inequality (1, 0, 2, 0, 2, -2, -2, 1, -3, -3) x + 4 >= 0
An inequality (0, 0, 2, 0, 2, -1, -1, 0, -2, -3) x + 3 >= 0
An inequality (-1, -1, -1, -1, -1, 0, 0, 1, 0, 0) x + 4 >= 0
An inequality (0, 1, 2, 0, 2, -3, -4, 4, -6, -5) x + 9 >= 0
An inequality (0, 1, 2, 0, 2, -1, -2, 0, -2, -3) x + 3 >= 0
An inequality (-1, 0, 1, -1, 1, -2, -3, 4, -5, -3) x + 9 >= 0
An inequality (0, 1, 1, 0, 1, -2, -2, 2, -3, -3) x + 5 >= 0
An inequality (1, 1, 1, 0, 1, -2, -2, 1, -2, -2) x + 3 >= 0
An inequality (1, 2, 1, 0, 2, -3, -2, 1, -3, -4) x + 5 >= 0
An inequality (0, 1, 0, 0, 1, -2, -1, 1, -2, -2) x + 4 >= 0
An inequality (-1, 0, 0, -1, 0, -1, -1, 2, -2, -1) x + 5 >= 0
An inequality (1, 2, 1, 0, 2, -2, -2, 0, -2, -3) x + 3 >= 0
An inequality (0, 0, 1, 0, 1, -1, -1, 1, -2, -2) x + 3 >= 0
An inequality (0, 0, 1, 0, 0, -1, -1, 1, -1, -1) x + 2 >= 0
An inequality (-1, 0, 0, -1, 0, -1, 0, 1, -1, -1) x + 4 >= 0
An inequality (0, 1, 1, 0, 1, -1, -2, 1, -2, -2) x + 3 >= 0
An inequality (1, 0, 3, 0, 3, -2, -2, 0, -3, -4) x + 4 >= 0
An inequality (1, 1, 1, 0, 2, -2, -1, 0, -2, -3) x + 3 >= 0
An inequality (2, 1, 2, 2, 2, -3, -2, 0, -4, -3) x + 3 >= 0
An inequality (1, 0, 2, 1, 2, -2, -1, 0, -3, -3) x + 3 >= 0
An inequality (1, 1, 1, 1, 1, -2, -1, 0, -2, -2) x + 2 >= 0
An inequality (1, 2, 2, 0, 2, -3, -3, 2, -4, -5) x + 6 >= 0
An inequality (2, 0, 2, 2, 1, -3, -2, 0, -3, -2) x + 3 >= 0
An inequality (2, 0, 3, 1, 3, -3, -2, 0, -4, -4) x + 4 >= 0
An inequality (2, 3, 2, 0, 3, -4, -4, 2, -5, -6) x + 7 >= 0
An inequality (2, 3, 2, 0, 3, -4, -5, 3, -6, -6) x + 8 >= 0
An inequality (1, 2, 2, 0, 2, -3, -4, 3, -5, -5) x + 7 >= 0
An inequality (2, 1, 3, 2, 1, -3, -2, 0, -4, -3) x + 3 >= 0
An inequality (3, 2, 4, 3, 2, -4, -3, 0, -6, -5) x + 4 >= 0
An inequality (2, 1, 3, 2, 2, -3, -2, 0, -4, -4) x + 3 >= 0
An inequality (1, 1, 2, 1, 0, -2, -1, 0, -3, -2) x + 3 >= 0
An inequality (2, 3, 4, 0, 4, -5, -8, 6, -10, -9) x + 13 >= 0
An inequality (3, 1, 4, 3, 2, -5, -3, 0, -5, -4) x + 4 >= 0
An inequality (2, 2, 2, 1, 2, -3, -3, 1, -4, -4) x + 4 >= 0
An inequality (5, 3, 5, 4, 4, -6, -5, 0, -8, -7) x + 5 >= 0
An inequality (5, 3, 5, 3, 4, -6, -6, 1, -8, -7) x + 6 >= 0
An inequality (4, 2, 4, 3, 3, -5, -4, 0, -6, -5) x + 4 >= 0
An inequality (7, 3, 7, 6, 5, -10, -6, -1, -10, -8) x + 7 >= 0
An inequality (3, 2, 3, 0, 4, -4, -6, 3, -7, -6) x + 8 >= 0
An inequality (1, 1, 2, 0, 2, -2, -2, 1, -3, -4) x + 4 >= 0
An inequality (5, 3, 6, 5, 4, -7, -5, 0, -9, -8) x + 6 >= 0
An inequality (2, 2, 2, 0, 3, -3, -3, 1, -4, -5) x + 5 >= 0
An inequality (1, 2, 1, 0, 1, -2, -2, 1, -3, -3) x + 4 >= 0
An inequality (3, 3, 5, 3, 2, -4, -4, 0, -7, -6) x + 5 >= 0
An inequality (4, 2, 4, 4, 3, -6, -3, -1, -6, -5) x + 4 >= 0
An inequality (5, 2, 5, 4, 3, -7, -4, -1, -7, -5) x + 5 >= 0
An inequality (4, 3, 4, 0, 5, -6, -9, 5, -10, -8) x + 12 >= 0
An inequality (5, 2, 4, 4, 3, -6, -4, -1, -6, -5) x + 4 >= 0
An inequality (1, 1, 2, 1, 1, -2, -2, 1, -3, -3) x + 3 >= 0
An inequality (1, 1, 3, 0, 3, -2, -3, 1, -4, -5) x + 5 >= 0
An inequality (1, 1, 3, 1, 2, -2, -2, 0, -3, -4) x + 3 >= 0
An inequality (2, 2, 2, 0, 3, -3, -5, 3, -6, -5) x + 7 >= 0
An inequality (2, 2, 3, 2, 1, -3, -2, 0, -5, -4) x + 4 >= 0
An inequality (1, 1, 2, 0, 2, -2, -3, 2, -4, -4) x + 5 >= 0
An inequality (0, 1, 1, 0, 1, -2, -1, 1, -2, -3) x + 4 >= 0
An inequality (3, 2, 3, 0, 4, -4, -4, 1, -5, -6) x + 6 >= 0
An inequality (6, 4, 6, 4, 5, -7, -7, 1, -10, -9) x + 7 >= 0
An inequality (2, 1, 3, 0, 3, -3, -4, 2, -5, -5) x + 6 >= 0
An inequality (5, 3, 5, 5, 4, -7, -4, -1, -8, -7) x + 5 >= 0
An inequality (2, 1, 4, 0, 4, -3, -4, 1, -5, -6) x + 6 >= 0
An inequality (2, 1, 3, 0, 3, -3, -3, 1, -4, -5) x + 5 >= 0
An inequality (3, 2, 3, 3, 2, -4, -2, -1, -5, -4) x + 3 >= 0
An inequality (-1, 1, 0, 0, 0, 1, -3, 1, -3, -2) x + 6 >= 0
An inequality (0, 1, 1, 0, 0, 0, -3, 1, -3, -2) x + 5 >= 0
An inequality (0, 2, 1, 0, 1, 0, -4, 1, -4, -3) x + 6 >= 0
An inequality (-1, 0, 3, 0, 0, -3, -2, 1, -1, -2) x + 5 >= 0
An inequality (0, 1, 2, 0, 1, -2, -2, 0, -1, -2) x + 3 >= 0
An inequality (0, 0, 3, 0, 2, -1, -1, -1, -2, -3) x + 3 >= 0
An inequality (0, 1, 3, 0, 2, -1, -2, -1, -2, -3) x + 3 >= 0
An inequality (0, 0, 4, -1, 2, -1, -2, -1, -2, -3) x + 4 >= 0
An inequality (0, 0, 3, 0, 1, -1, -2, -1, -1, -2) x + 3 >= 0
An inequality (0, 0, 2, 0, 0, -1, -1, 0, -1, -1) x + 2 >= 0
An inequality (1, 0, 3, 1, 1, -2, -1, -1, -3, -2) x + 3 >= 0
An inequality (0, 0, 2, 0, 0, -1, 0, -1, -2, -1) x + 3 >= 0
An inequality (1, 0, 4, 1, 3, -2, -1, -2, -4, -4) x + 4 >= 0
An inequality (1, 0, 3, 1, 1, -2, 0, -2, -4, -2) x + 4 >= 0
An inequality (2, 0, 4, 1, 2, -3, -2, -1, -4, -3) x + 4 >= 0
An inequality (1, 0, 4, 1, 2, -2, -1, -2, -4, -3) x + 4 >= 0
An inequality (0, 0, 3, 0, 1, -1, -1, -1, -2, -2) x + 3 >= 0
An inequality (2, 1, 4, 2, 1, -3, -2, -1, -4, -3) x + 3 >= 0
An inequality (1, 1, 3, 1, 0, -2, -1, -1, -3, -2) x + 3 >= 0
An inequality (3, 1, 5, 2, 2, -4, -3, -1, -5, -4) x + 4 >= 0
An inequality (1, 1, 3, 1, 0, -2, 0, -2, -4, -2) x + 4 >= 0
An inequality (2, 1, 4, 2, 1, -3, 0, -3, -6, -3) x + 5 >= 0
An inequality (2, 1, 2, 4, 2, -3, -2, -2, -4, -3) x + 3 >= 0
An inequality (1, 1, 2, 3, 1, -2, -1, -2, -3, -2) x + 2 >= 0
An inequality (2, 0, 2, 3, 1, -3, -2, -1, -3, -2) x + 3 >= 0
An inequality (1, 1, 3, 3, 2, -2, -2, -2, -3, -4) x + 3 >= 0
An inequality (1, 4, 4, 4, 0, -3, -2, -3, -6, -5) x + 6 >= 0
An inequality (1, 3, 4, 4, 1, -3, -2, -3, -5, -4) x + 4 >= 0
An inequality (1, 3, 3, 4, 0, -2, -2, -3, -5, -4) x + 5 >= 0
An inequality (1, 3, 3, 5, 0, -2, -2, -4, -6, -4) x + 6 >= 0
An inequality (0, 0, 3, 1, 1, -1, -2, -2, -1, -2) x + 3 >= 0
An inequality (1, 0, 1, 0, 0, -2, -2, 1, -1, -2) x + 4 >= 0
An inequality (0, -1, 2, 0, -1, -2, -2, 1, -1, -1) x + 5 >= 0
An inequality (1, 2, 3, 5, 0, -2, -2, -4, -5, -3) x + 5 >= 0
An inequality (-1, -1, -1, 0, -1, 1, -1, 1, -1, -1) x + 5 >= 0
An inequality (-2, 0, 3, 0, 1, -4, -4, 1, -2, -1) x + 8 >= 0
An inequality (0, 1, 2, 1, 0, -2, -1, 0, -2, -2) x + 3 >= 0
An inequality (1, 2, 3, 2, 0, -3, -1, -1, -4, -3) x + 4 >= 0
An inequality (1, 3, 4, 3, 1, -4, -2, -1, -5, -5) x + 5 >= 0
An inequality (2, 4, 5, 4, 1, -5, -2, -2, -7, -6) x + 6 >= 0
An inequality (3, 6, 8, 6, 2, -7, -4, -3, -10, -9) x + 8 >= 0
An inequality (1, 2, 2, 2, 0, -2, -1, -1, -3, -3) x + 3 >= 0
An inequality (-2, 0, 0, -2, -1, -2, 1, 1, -1, -2) x + 8 >= 0
An inequality (3, 1, 4, 3, 1, -4, -2, -1, -5, -4) x + 4 >= 0
An inequality (0, 0, 4, 1, 2, -2, -3, -2, -1, -3) x + 4 >= 0
An inequality (2, 2, 3, 2, 1, -2, -3, 0, -5, -4) x + 4 >= 0
An inequality (-1, 0, 0, 0, 0, 1, -1, 0, -1, -1) x + 3 >= 0
An inequality (-1, 0, 1, 0, 1, 1, -1, -1, -2, -2) x + 4 >= 0
An inequality (0, 0, 2, 0, 2, 0, -1, -1, -2, -3) x + 3 >= 0
An inequality (0, 1, 2, 0, 2, 0, -2, -1, -2, -3) x + 3 >= 0
An inequality (0, 0, 1, 0, 0, 0, -1, 0, -1, -1) x + 2 >= 0
An inequality (1, 0, 3, 1, 3, -1, -1, -2, -4, -4) x + 4 >= 0
An inequality (-1, 0, 0, 0, 0, 1, 0, -1, -1, -1) x + 3 >= 0
An inequality (1, 0, 3, 2, 3, -1, -1, -3, -4, -4) x + 4 >= 0
An inequality (0, 0, 2, 1, 1, 0, -1, -2, -2, -2) x + 3 >= 0
An inequality (0, 1, 3, 1, 2, 0, -2, -2, -3, -4) x + 4 >= 0
An inequality (4, 1, 3, 3, 2, -5, -3, -2, -5, -2) x + 4 >= 0
An inequality (1, 0, 3, 2, 1, -4, -2, -1, -3, -1) x + 4 >= 0
An inequality (3, 1, 4, 3, 2, -5, -3, -2, -5, -2) x + 4 >= 0
An inequality (3, 1, 3, 2, 2, -4, -3, -1, -5, -2) x + 4 >= 0
An inequality (0, 0, 1, 0, 0, -1, -1, 0, -1, 0) x + 2 >= 0
An inequality (5, 2, 5, 4, 3, -7, -4, -3, -7, -3) x + 5 >= 0
An inequality (2, 1, 2, 1, 1, -3, -2, -1, -3, -1) x + 3 >= 0
An inequality (2, 0, 2, 2, 1, -3, -2, -1, -3, -1) x + 3 >= 0
An inequality (1, 0, 1, 0, 0, -1, -2, 1, -2, -1) x + 3 >= 0
An inequality (3, 0, 2, 2, 1, -3, -3, 0, -4, -2) x + 4 >= 0
An inequality (1, 0, 2, 1, 2, -1, 0, -2, -3, -3) x + 3 >= 0
An inequality (3, 0, 3, 4, 1, -4, -3, -2, -4, -2) x + 4 >= 0
An inequality (1, 0, 2, 1, 0, -2, -2, 0, -2, -1) x + 3 >= 0
An inequality (3, 0, 3, 3, 1, -4, -3, -1, -4, -2) x + 4 >= 0
An inequality (1, 1, 3, 1, -2, -2, 2, -4, -6, -2) x + 8 >= 0
An inequality (0, 0, 2, 0, -2, -1, 2, -3, -4, -1) x + 7 >= 0
An inequality (4, 4, 2, 3, 1, -4, -2, -2, -6, -5) x + 5 >= 0
An inequality (-2, -1, 0, -2, 0, -2, 1, 1, -1, -2) x + 8 >= 0
An inequality (3, 4, 5, 3, 2, -3, -5, -1, -8, -6) x + 6 >= 0
An inequality (0, 2, 2, 0, 3, -1, -3, -1, -2, -3) x + 3 >= 0
An inequality (2, 3, 2, 0, 4, -3, -6, 1, -5, -4) x + 6 >= 0
An inequality (1, 2, 1, 0, 2, -2, -3, 0, -2, -2) x + 3 >= 0
An inequality (0, 1, 0, 0, 1, -1, -1, 0, -1, -1) x + 2 >= 0
An inequality (1, 3, 1, 0, 3, -2, -3, -1, -2, -3) x + 3 >= 0
An inequality (0, 1, 1, 0, 1, -1, -2, 0, -1, -1) x + 2 >= 0
An inequality (0, 2, 1, 0, 2, -1, -3, 0, -2, -2) x + 3 >= 0
An inequality (2, 4, 2, 0, 5, -3, -7, 1, -6, -5) x + 7 >= 0
An inequality (1, 3, 1, 0, 3, -2, -4, 0, -3, -3) x + 4 >= 0
An inequality (-2, -2, -2, -2, -2, 0, 1, 1, 1, 0) x + 7 >= 0
An inequality (-2, -1, -1, -2, -1, -1, 1, 1, 0, -1) x + 7 >= 0
An inequality (-1, -1, -1, 0, -1, 1, 0, 0, 0, -1) x + 4 >= 0
An inequality (2, 1, 2, 4, 1, -2, -1, -3, -4, -3) x + 3 >= 0
An inequality (0, 0, 0, 1, 0, 0, 0, -1, -1, -1) x + 2 >= 0
An inequality (1, 2, 4, 3, 1, -3, -2, -2, -4, -3) x + 3 >= 0
An inequality (0, -1, 2, 0, 0, -2, -1, 1, -1, -2) x + 4 >= 0
An inequality (1, 2, 4, 4, 1, -3, -2, -3, -4, -3) x + 3 >= 0
An inequality (-1, 0, 1, -1, 0, -1, -2, 1, -1, 0) x + 4 >= 0
An inequality (2, 0, 3, 3, 1, -4, -3, -1, -3, -2) x + 4 >= 0
An inequality (0, 0, 3, 0, 3, -1, -1, -1, -3, -4) x + 4 >= 0
An inequality (1, 0, 4, 1, 4, -2, -1, -2, -5, -5) x + 5 >= 0
An inequality (0, 1, 1, 1, 0, 0, -2, 0, -3, -2) x + 4 >= 0
An inequality (2, 3, 4, 3, 1, -2, -4, -1, -7, -5) x + 6 >= 0
An inequality (1, 2, 2, 2, 0, -1, -2, -1, -4, -3) x + 4 >= 0
An inequality (-2, 1, -1, 0, 0, 2, -4, 1, -3, -2) x + 8 >= 0
An inequality (2, 1, 2, 2, 1, -2, -2, 0, -4, -3) x + 3 >= 0
An inequality (-1, 0, 2, 0, 0, -2, -1, 1, -1, -2) x + 4 >= 0
An inequality (-1, 1, 2, 0, 1, -3, -1, 1, -2, -4) x + 6 >= 0
An inequality (1, -1, 2, 0, -1, -2, -3, 1, -2, -1) x + 6 >= 0
An inequality (-1, 0, 1, -1, 0, -1, -2, -1, 1, -2) x + 6 >= 0
An inequality (1, 1, 2, 0, 2, -2, -2, -1, -1, -3) x + 3 >= 0
An inequality (1, 1, 3, 0, 3, -2, -3, -2, -1, -4) x + 4 >= 0
An inequality (0, 0, 2, 0, 1, -1, -2, -1, 0, -2) x + 3 >= 0
An inequality (0, 1, 1, 0, 1, -1, -2, -1, 0, -2) x + 3 >= 0
An inequality (0, 0, 1, 0, 0, -1, -1, 0, 0, -1) x + 2 >= 0
An inequality (3, 2, 1, 0, 2, -4, -4, 1, -3, -4) x + 6 >= 0
An inequality (1, 2, 2, 3, 0, -1, -1, -3, -4, -3) x + 4 >= 0
An inequality (0, 0, 2, 1, 0, -1, -1, -1, -1, -1) x + 2 >= 0
An inequality (-1, 0, 5, 0, 3, -2, -4, -2, -1, -4) x + 6 >= 0
An inequality (3, 1, 2, 0, 4, -4, -2, -1, -3, -5) x + 5 >= 0
An inequality (2, 1, 1, 0, 3, -3, -1, -1, -2, -4) x + 4 >= 0
